,rt,response,subj_idx,condition,stim
0,1.12649662413,0.0,2013,-1,0.0
1,2.12449662413,0.0,2013,-1,0.0
2,1.32549662413,0.0,2013,-1,35.0
3,0.903496624134,0.0,2013,-1,35.0
4,1.24749662413,0.0,2013,-1,35.0
5,1.43649662413,0.0,2013,-1,35.0
6,1.59849662413,0.0,2013,-1,35.0
7,1.00849662413,0.0,2013,-1,35.0
8,1.84349662413,0.0,2013,-1,40.0
9,1.91849662413,0.0,2013,-1,40.0
10,1.18449662413,0.0,2013,-1,40.0
11,1.85249662413,0.0,2013,-1,40.0
12,1.38849662413,0.0,2013,-1,40.0
13,0.987496624134,0.0,2013,-1,40.0
14,1.72049662413,0.0,2013,-1,40.0
15,1.25949662413,0.0,2013,-1,40.0
16,1.37749662413,0.0,2013,-1,40.0
17,2.48249662413,0.0,2013,-1,40.0
18,1.45649662413,0.0,2013,-1,45.0
19,1.83049662413,0.0,2013,-1,45.0
20,1.54249662413,0.0,2013,-1,45.0
21,1.59549662413,0.0,2013,-1,45.0
22,1.53149662414,1.0,2013,-1,45.0
23,2.39949662413,0.0,2013,-1,45.0
24,1.56649662414,1.0,2013,-1,45.0
25,2.26749662414,1.0,2013,-1,45.0
26,2.04449662413,0.0,2013,-1,45.0
27,2.96149662413,0.0,2013,-1,45.0
28,1.92649662413,0.0,2013,-1,45.0
29,1.05149662413,0.0,2013,-1,45.0
30,1.24249662413,0.0,2013,-1,45.0
31,2.00749662414,1.0,2013,-1,45.0
32,1.40349662414,1.0,2013,-1,50.0
33,1.37349662414,1.0,2013,-1,50.0
34,1.65049662413,0.0,2013,-1,50.0
35,1.16949662414,1.0,2013,-1,50.0
36,0.762496624138,1.0,2013,-1,50.0
37,1.65449662414,1.0,2013,-1,50.0
38,1.09649662414,1.0,2013,-1,50.0
39,1.39549662414,1.0,2013,-1,50.0
40,3.12449662413,0.0,2013,-1,50.0
41,0.964496624134,0.0,2013,-1,50.0
42,1.06249662414,1.0,2013,-1,50.0
43,1.94649662414,1.0,2013,-1,50.0
44,1.50949662414,1.0,2013,-1,50.0
45,4.58549662414,1.0,2013,-1,50.0
46,1.71549662414,1.0,2013,-1,50.0
47,1.30749662414,1.0,2013,-1,50.0
48,1.06749662414,1.0,2013,-1,55.0
49,1.35649662414,1.0,2013,-1,55.0
50,1.08249662414,1.0,2013,-1,55.0
51,1.02549662414,1.0,2013,-1,55.0
52,2.01749662414,1.0,2013,-1,55.0
53,1.03749662414,1.0,2013,-1,55.0
54,1.04349662414,1.0,2013,-1,55.0
55,0.975496624138,1.0,2013,-1,55.0
56,1.11849662414,1.0,2013,-1,55.0
57,1.26849662414,1.0,2013,-1,55.0
58,0.913496624138,1.0,2013,-1,55.0
59,1.21749662413,0.0,2013,-1,55.0
60,1.09049662414,1.0,2013,-1,55.0
61,3.44549662414,1.0,2013,-1,55.0
62,1.20949662414,1.0,2013,-1,60.0
63,1.38449662414,1.0,2013,-1,60.0
64,3.19149662414,1.0,2013,-1,60.0
65,1.09249662414,1.0,2013,-1,60.0
66,0.837496624138,1.0,2013,-1,60.0
67,2.69549662414,1.0,2013,-1,60.0
68,1.04949662413,0.0,2013,-1,60.0
69,1.55049662414,1.0,2013,-1,60.0
70,2.66649662414,1.0,2013,-1,60.0
71,1.44049662414,1.0,2013,-1,60.0
72,1.25149662414,1.0,2013,-1,65.0
73,1.49449662414,1.0,2013,-1,65.0
74,1.10249662414,1.0,2013,-1,65.0
75,0.792496624138,1.0,2013,-1,65.0
76,0.991496624138,1.0,2013,-1,65.0
77,0.948496624138,1.0,2013,-1,65.0
78,0.768496624138,1.0,2013,-1,100.0
79,1.34049662414,1.0,2013,-1,100.0
80,1.90649662413,0.0,2013,1,0.0
81,1.62349662413,0.0,2013,1,0.0
82,0.944496624134,0.0,2013,1,35.0
83,1.34049662413,0.0,2013,1,35.0
84,0.868496624134,0.0,2013,1,35.0
85,1.28149662413,0.0,2013,1,35.0
86,2.59949662413,0.0,2013,1,35.0
87,1.54149662413,0.0,2013,1,35.0
88,0.915496624134,0.0,2013,1,40.0
89,2.21249662413,0.0,2013,1,40.0
90,1.40849662413,0.0,2013,1,40.0
91,0.983496624134,0.0,2013,1,40.0
92,1.07549662413,0.0,2013,1,40.0
93,1.88149662413,0.0,2013,1,40.0
94,1.43349662414,1.0,2013,1,40.0
95,1.09649662414,1.0,2013,1,40.0
96,1.06649662413,0.0,2013,1,40.0
97,1.08249662413,0.0,2013,1,40.0
98,2.41849662413,0.0,2013,1,45.0
99,1.70149662414,1.0,2013,1,45.0
100,1.47449662414,1.0,2013,1,45.0
101,1.14449662413,0.0,2013,1,45.0
102,1.10349662413,0.0,2013,1,45.0
103,1.67249662413,0.0,2013,1,45.0
104,1.03449662413,0.0,2013,1,45.0
105,1.49349662413,0.0,2013,1,45.0
106,3.74849662414,0.0,2013,1,45.0
107,0.953496624134,0.0,2013,1,45.0
108,1.94749662413,0.0,2013,1,45.0
109,3.14949662413,0.0,2013,1,45.0
110,2.21749662413,0.0,2013,1,45.0
111,2.89549662414,1.0,2013,1,45.0
112,3.07949662414,1.0,2013,1,50.0
113,0.879496624138,1.0,2013,1,50.0
114,2.16649662414,1.0,2013,1,50.0
115,1.13349662413,0.0,2013,1,50.0
116,1.08849662414,1.0,2013,1,50.0
117,4.77349662414,1.0,2013,1,50.0
118,1.20949662414,1.0,2013,1,50.0
119,1.32849662414,1.0,2013,1,50.0
120,1.28649662414,1.0,2013,1,50.0
121,1.62849662414,1.0,2013,1,50.0
122,2.78449662414,1.0,2013,1,50.0
123,1.28849662414,1.0,2013,1,50.0
124,2.72349662414,1.0,2013,1,50.0
125,5.76649662414,1.0,2013,1,50.0
126,0.778496624138,1.0,2013,1,50.0
127,0.980496624138,1.0,2013,1,50.0
128,1.12649662414,1.0,2013,1,55.0
129,0.850496624138,1.0,2013,1,55.0
130,1.67149662414,1.0,2013,1,55.0
131,2.08449662414,1.0,2013,1,55.0
132,1.51949662414,1.0,2013,1,55.0
133,1.51749662414,1.0,2013,1,55.0
134,0.886496624138,1.0,2013,1,55.0
135,1.22849662414,1.0,2013,1,55.0
136,1.34549662414,1.0,2013,1,55.0
137,1.37549662414,1.0,2013,1,55.0
138,1.02649662413,0.0,2013,1,55.0
139,3.01149662414,1.0,2013,1,55.0
140,0.890496624138,1.0,2013,1,55.0
141,0.884496624138,1.0,2013,1,55.0
142,1.35349662414,1.0,2013,1,60.0
143,1.26649662414,1.0,2013,1,60.0
144,1.75449662414,1.0,2013,1,60.0
145,1.04849662414,1.0,2013,1,60.0
146,1.43649662414,1.0,2013,1,60.0
147,0.877496624138,1.0,2013,1,60.0
148,1.00249662414,1.0,2013,1,60.0
149,1.13849662414,1.0,2013,1,60.0
150,1.02849662413,0.0,2013,1,60.0
151,1.02549662414,1.0,2013,1,60.0
152,1.46749662414,1.0,2013,1,65.0
153,1.71149662414,1.0,2013,1,65.0
154,0.776496624138,1.0,2013,1,65.0
155,1.12949662414,1.0,2013,1,65.0
156,1.42349662414,1.0,2013,1,65.0
157,1.36949662414,1.0,2013,1,65.0
158,1.83449662414,1.0,2013,1,100.0
159,1.37449662414,1.0,2013,1,100.0
0,1.33545841524,0.0,2015,-1,0.0
1,1.04845841524,0.0,2015,-1,0.0
2,0.95545841524,0.0,2015,-1,35.0
3,1.08245841524,0.0,2015,-1,35.0
4,0.99345841524,0.0,2015,-1,35.0
5,1.06945841524,0.0,2015,-1,35.0
6,1.10145841524,0.0,2015,-1,35.0
7,0.94845841524,0.0,2015,-1,35.0
8,1.53245841524,0.0,2015,-1,40.0
9,1.45345841524,0.0,2015,-1,40.0
10,1.15145841524,0.0,2015,-1,40.0
11,3.63045841524,0.0,2015,-1,40.0
12,1.25045841524,0.0,2015,-1,40.0
13,1.07045841524,0.0,2015,-1,40.0
14,1.19445841524,0.0,2015,-1,40.0
15,1.25645841524,0.0,2015,-1,40.0
16,2.89445841524,1.0,2015,-1,40.0
17,1.97345841524,0.0,2015,-1,40.0
18,3.32045841524,0.0,2015,-1,45.0
19,5.08545841524,0.0,2015,-1,45.0
20,0.941458415244,1.0,2015,-1,45.0
21,2.32445841524,1.0,2015,-1,45.0
22,0.748458415244,1.0,2015,-1,45.0
23,1.54145841524,0.0,2015,-1,45.0
24,2.48245841524,0.0,2015,-1,45.0
25,1.59045841524,0.0,2015,-1,45.0
26,3.42145841524,0.0,2015,-1,45.0
27,1.99345841524,1.0,2015,-1,45.0
28,2.82845841524,1.0,2015,-1,45.0
29,2.62445841524,1.0,2015,-1,45.0
30,1.31645841524,0.0,2015,-1,45.0
31,0.785458415244,1.0,2015,-1,45.0
32,1.28845841524,1.0,2015,-1,50.0
33,0.945458415244,1.0,2015,-1,50.0
34,1.28845841524,1.0,2015,-1,50.0
35,1.44945841524,1.0,2015,-1,50.0
36,2.55745841524,1.0,2015,-1,50.0
37,1.07245841524,0.0,2015,-1,50.0
38,1.01245841524,1.0,2015,-1,50.0
39,1.85245841524,1.0,2015,-1,50.0
40,2.83345841524,1.0,2015,-1,50.0
41,1.75345841524,1.0,2015,-1,50.0
42,1.45145841524,1.0,2015,-1,50.0
43,0.853458415244,1.0,2015,-1,50.0
44,3.14945841524,0.0,2015,-1,50.0
45,1.19545841524,1.0,2015,-1,50.0
46,1.07045841524,1.0,2015,-1,50.0
47,1.51745841524,1.0,2015,-1,50.0
48,1.06045841524,1.0,2015,-1,55.0
49,1.32845841524,1.0,2015,-1,55.0
50,2.07845841524,1.0,2015,-1,55.0
51,0.908458415244,1.0,2015,-1,55.0
52,0.915458415244,1.0,2015,-1,55.0
53,1.05445841524,1.0,2015,-1,55.0
54,0.871458415244,1.0,2015,-1,55.0
55,1.24845841524,1.0,2015,-1,55.0
56,1.72945841524,1.0,2015,-1,55.0
57,1.08345841524,1.0,2015,-1,55.0
58,0.932458415244,1.0,2015,-1,55.0
59,0.968458415244,1.0,2015,-1,55.0
60,0.967458415244,1.0,2015,-1,55.0
61,1.12845841524,1.0,2015,-1,55.0
62,0.959458415244,1.0,2015,-1,60.0
63,0.981458415244,1.0,2015,-1,60.0
64,1.34445841524,1.0,2015,-1,60.0
65,1.09845841524,1.0,2015,-1,60.0
66,1.20745841524,1.0,2015,-1,60.0
67,1.37545841524,1.0,2015,-1,60.0
68,0.807458415244,1.0,2015,-1,60.0
69,0.889458415244,1.0,2015,-1,60.0
70,1.01445841524,1.0,2015,-1,60.0
71,0.821458415244,1.0,2015,-1,60.0
72,0.789458415244,1.0,2015,-1,65.0
73,0.801458415244,1.0,2015,-1,65.0
74,1.92045841524,1.0,2015,-1,65.0
75,0.971458415244,1.0,2015,-1,65.0
76,1.03445841524,1.0,2015,-1,65.0
77,0.919458415244,1.0,2015,-1,65.0
78,0.974458415244,1.0,2015,-1,100.0
79,0.792458415244,1.0,2015,-1,100.0
80,1.86045841524,0.0,2015,1,0.0
81,1.10145841524,0.0,2015,1,0.0
82,1.19245841524,0.0,2015,1,35.0
83,2.26345841524,0.0,2015,1,35.0
84,1.46545841524,0.0,2015,1,35.0
85,1.71745841524,0.0,2015,1,35.0
86,1.42545841524,0.0,2015,1,35.0
87,0.87945841524,0.0,2015,1,35.0
88,3.12945841524,0.0,2015,1,40.0
89,1.92845841524,0.0,2015,1,40.0
90,1.52945841524,0.0,2015,1,40.0
91,1.66945841524,0.0,2015,1,40.0
92,2.17845841524,0.0,2015,1,40.0
93,1.29745841524,0.0,2015,1,40.0
94,0.766458415244,1.0,2015,1,40.0
95,3.05845841524,0.0,2015,1,40.0
96,1.65445841524,0.0,2015,1,40.0
97,3.08345841524,1.0,2015,1,40.0
98,1.10845841524,1.0,2015,1,45.0
99,1.40645841524,1.0,2015,1,45.0
100,1.34245841524,0.0,2015,1,45.0
101,1.32945841524,1.0,2015,1,45.0
102,2.28645841524,0.0,2015,1,45.0
103,0.822458415244,1.0,2015,1,45.0
104,1.66645841524,1.0,2015,1,45.0
105,4.77645841525,1.0,2015,1,45.0
106,1.46745841524,0.0,2015,1,45.0
107,2.22445841524,0.0,2015,1,45.0
108,1.84145841524,1.0,2015,1,45.0
109,3.51545841524,1.0,2015,1,45.0
110,1.41645841524,0.0,2015,1,45.0
111,1.32345841524,0.0,2015,1,45.0
112,1.26645841524,1.0,2015,1,50.0
113,1.05045841524,1.0,2015,1,50.0
114,1.02345841524,1.0,2015,1,50.0
115,0.782458415244,1.0,2015,1,50.0
116,1.30545841524,1.0,2015,1,50.0
117,1.54245841524,1.0,2015,1,50.0
118,0.832458415244,1.0,2015,1,50.0
119,3.25445841524,1.0,2015,1,50.0
120,1.42845841524,1.0,2015,1,50.0
121,1.54445841524,1.0,2015,1,50.0
122,4.08045841525,1.0,2015,1,50.0
123,0.771458415244,1.0,2015,1,50.0
124,1.12745841524,1.0,2015,1,50.0
125,0.912458415244,1.0,2015,1,50.0
126,1.74745841524,1.0,2015,1,50.0
127,0.984458415244,1.0,2015,1,50.0
128,2.18645841524,1.0,2015,1,55.0
129,1.12745841524,1.0,2015,1,55.0
130,2.21145841524,1.0,2015,1,55.0
131,0.968458415244,1.0,2015,1,55.0
132,0.898458415244,1.0,2015,1,55.0
133,0.739458415244,1.0,2015,1,55.0
134,1.04545841524,1.0,2015,1,55.0
135,1.21245841524,1.0,2015,1,55.0
136,0.744458415244,1.0,2015,1,55.0
137,1.21545841524,1.0,2015,1,55.0
138,2.36945841524,1.0,2015,1,55.0
139,1.04545841524,1.0,2015,1,55.0
140,1.09745841524,1.0,2015,1,55.0
141,0.944458415244,1.0,2015,1,55.0
142,0.932458415244,1.0,2015,1,60.0
143,0.881458415244,1.0,2015,1,60.0
144,0.989458415244,1.0,2015,1,60.0
145,1.40645841524,1.0,2015,1,60.0
146,1.05645841524,1.0,2015,1,60.0
147,0.954458415244,1.0,2015,1,60.0
148,1.03645841524,1.0,2015,1,60.0
149,1.11345841524,1.0,2015,1,60.0
150,0.952458415244,1.0,2015,1,60.0
151,2.53845841524,1.0,2015,1,60.0
152,0.893458415244,1.0,2015,1,65.0
153,1.00545841524,1.0,2015,1,65.0
154,1.08445841524,1.0,2015,1,65.0
155,0.799458415244,1.0,2015,1,65.0
156,1.00345841524,1.0,2015,1,65.0
157,0.997458415244,1.0,2015,1,65.0
158,0.896458415244,1.0,2015,1,100.0
159,0.770458415244,1.0,2015,1,100.0
0,1.106586817,0.0,2016,-1,0.0
1,1.074586817,0.0,2016,-1,0.0
2,1.011586817,0.0,2016,-1,35.0
3,1.422586817,0.0,2016,-1,35.0
4,1.222586817,0.0,2016,-1,35.0
5,0.916586817002,0.0,2016,-1,35.0
6,0.921586817002,0.0,2016,-1,35.0
7,1.897586817,0.0,2016,-1,35.0
8,1.373586817,0.0,2016,-1,40.0
9,0.988586817002,0.0,2016,-1,40.0
10,2.296586817,0.0,2016,-1,40.0
11,1.135586817,0.0,2016,-1,40.0
12,1.495586817,0.0,2016,-1,40.0
13,1.114586817,0.0,2016,-1,40.0
14,2.368586817,0.0,2016,-1,40.0
15,1.051586817,0.0,2016,-1,40.0
16,2.049586817,0.0,2016,-1,40.0
17,1.751586817,0.0,2016,-1,40.0
18,1.188586817,0.0,2016,-1,45.0
19,1.379586817,0.0,2016,-1,45.0
20,1.702586817,0.0,2016,-1,45.0
21,2.747586817,0.0,2016,-1,45.0
22,1.185586817,0.0,2016,-1,45.0
23,1.830586817,0.0,2016,-1,45.0
24,2.496586817,0.0,2016,-1,45.0
25,1.209586817,0.0,2016,-1,45.0
26,2.31958681701,1.0,2016,-1,45.0
27,1.281586817,0.0,2016,-1,45.0
28,1.120586817,0.0,2016,-1,45.0
29,1.757586817,0.0,2016,-1,45.0
30,1.373586817,0.0,2016,-1,45.0
31,1.062586817,0.0,2016,-1,45.0
32,3.514586817,0.0,2016,-1,50.0
33,2.945586817,0.0,2016,-1,50.0
34,1.538586817,0.0,2016,-1,50.0
35,2.332586817,0.0,2016,-1,50.0
36,2.67658681701,1.0,2016,-1,50.0
37,4.35158681701,1.0,2016,-1,50.0
38,1.179586817,0.0,2016,-1,50.0
39,2.918586817,0.0,2016,-1,50.0
40,2.018586817,0.0,2016,-1,50.0
41,1.735586817,0.0,2016,-1,50.0
42,2.029586817,0.0,2016,-1,50.0
43,1.316586817,0.0,2016,-1,50.0
44,2.87258681701,1.0,2016,-1,50.0
45,1.302586817,0.0,2016,-1,50.0
46,1.18658681701,1.0,2016,-1,50.0
47,1.321586817,0.0,2016,-1,50.0
48,1.40858681701,1.0,2016,-1,55.0
49,1.32358681701,1.0,2016,-1,55.0
50,0.939586817006,1.0,2016,-1,55.0
51,1.79358681701,1.0,2016,-1,55.0
52,1.85458681701,1.0,2016,-1,55.0
53,1.18058681701,1.0,2016,-1,55.0
54,2.61558681701,1.0,2016,-1,55.0
55,1.15058681701,1.0,2016,-1,55.0
56,1.14858681701,1.0,2016,-1,55.0
57,1.04158681701,1.0,2016,-1,55.0
58,1.43558681701,1.0,2016,-1,55.0
59,2.21658681701,1.0,2016,-1,55.0
60,1.22058681701,1.0,2016,-1,55.0
61,0.988586817006,1.0,2016,-1,55.0
62,1.03658681701,1.0,2016,-1,60.0
63,1.20158681701,1.0,2016,-1,60.0
64,0.976586817006,1.0,2016,-1,60.0
65,3.50058681701,1.0,2016,-1,60.0
66,1.06158681701,1.0,2016,-1,60.0
67,1.30658681701,1.0,2016,-1,60.0
68,0.936586817006,1.0,2016,-1,60.0
69,1.09658681701,1.0,2016,-1,60.0
70,0.900586817006,1.0,2016,-1,60.0
71,1.47858681701,1.0,2016,-1,60.0
72,0.977586817006,1.0,2016,-1,65.0
73,1.01458681701,1.0,2016,-1,65.0
74,1.10458681701,1.0,2016,-1,65.0
75,1.07058681701,1.0,2016,-1,65.0
76,1.22558681701,1.0,2016,-1,65.0
77,1.05058681701,1.0,2016,-1,65.0
78,2.01558681701,1.0,2016,-1,100.0
79,1.13358681701,1.0,2016,-1,100.0
80,1.232586817,0.0,2016,1,0.0
81,0.949586817002,0.0,2016,1,0.0
82,1.142586817,0.0,2016,1,35.0
83,1.275586817,0.0,2016,1,35.0
84,1.192586817,0.0,2016,1,35.0
85,0.885586817002,0.0,2016,1,35.0
86,1.091586817,0.0,2016,1,35.0
87,1.534586817,0.0,2016,1,35.0
88,1.215586817,0.0,2016,1,40.0
89,1.253586817,0.0,2016,1,40.0
90,2.033586817,0.0,2016,1,40.0
91,1.529586817,0.0,2016,1,40.0
92,1.557586817,0.0,2016,1,40.0
93,1.258586817,0.0,2016,1,40.0
94,1.277586817,0.0,2016,1,40.0
95,2.519586817,0.0,2016,1,40.0
96,3.851586817,0.0,2016,1,40.0
97,1.170586817,0.0,2016,1,40.0
98,1.127586817,0.0,2016,1,45.0
99,1.554586817,0.0,2016,1,45.0
100,1.23758681701,1.0,2016,1,45.0
101,3.100586817,0.0,2016,1,45.0
102,2.353586817,0.0,2016,1,45.0
103,2.53158681701,1.0,2016,1,45.0
104,3.132586817,0.0,2016,1,45.0
105,1.10258681701,1.0,2016,1,45.0
106,0.920586817006,1.0,2016,1,45.0
107,1.853586817,0.0,2016,1,45.0
108,1.751586817,0.0,2016,1,45.0
109,1.79558681701,1.0,2016,1,45.0
110,1.014586817,0.0,2016,1,45.0
111,0.981586817006,1.0,2016,1,45.0
112,1.19558681701,1.0,2016,1,50.0
113,1.14258681701,1.0,2016,1,50.0
114,3.42258681701,1.0,2016,1,50.0
115,1.39958681701,1.0,2016,1,50.0
116,1.284586817,0.0,2016,1,50.0
117,1.72558681701,1.0,2016,1,50.0
118,1.78858681701,1.0,2016,1,50.0
119,3.19058681701,1.0,2016,1,50.0
120,1.76158681701,1.0,2016,1,50.0
121,0.897586817006,1.0,2016,1,50.0
122,2.53158681701,1.0,2016,1,50.0
123,1.28958681701,1.0,2016,1,50.0
124,1.73258681701,1.0,2016,1,50.0
125,1.810586817,0.0,2016,1,50.0
126,1.52358681701,1.0,2016,1,50.0
127,1.61358681701,1.0,2016,1,50.0
128,2.68558681701,1.0,2016,1,55.0
129,1.24958681701,1.0,2016,1,55.0
130,1.09158681701,1.0,2016,1,55.0
131,1.24458681701,1.0,2016,1,55.0
132,1.14058681701,1.0,2016,1,55.0
133,1.27458681701,1.0,2016,1,55.0
134,1.19558681701,1.0,2016,1,55.0
135,0.996586817006,1.0,2016,1,55.0
136,1.12158681701,1.0,2016,1,55.0
137,1.539586817,0.0,2016,1,55.0
138,1.70058681701,1.0,2016,1,55.0
139,1.15958681701,1.0,2016,1,55.0
140,1.49458681701,1.0,2016,1,55.0
141,1.94258681701,1.0,2016,1,55.0
142,1.19158681701,1.0,2016,1,60.0
143,1.01958681701,1.0,2016,1,60.0
144,1.42758681701,1.0,2016,1,60.0
145,1.10158681701,1.0,2016,1,60.0
146,2.47058681701,1.0,2016,1,60.0
147,1.05758681701,1.0,2016,1,60.0
148,0.961586817006,1.0,2016,1,60.0
149,2.14958681701,1.0,2016,1,60.0
150,1.40058681701,1.0,2016,1,60.0
151,1.25558681701,1.0,2016,1,60.0
152,1.63258681701,1.0,2016,1,65.0
153,1.23058681701,1.0,2016,1,65.0
154,1.50458681701,1.0,2016,1,65.0
155,1.23458681701,1.0,2016,1,65.0
156,1.16158681701,1.0,2016,1,65.0
157,1.07458681701,1.0,2016,1,65.0
158,1.61758681701,1.0,2016,1,100.0
159,0.936586817006,1.0,2016,1,100.0
0,0.994490082813,0.0,2017,-1,0.0
1,0.869490082813,0.0,2017,-1,0.0
2,1.47049008281,0.0,2017,-1,35.0
3,0.950490082813,0.0,2017,-1,35.0
4,0.973490082813,0.0,2017,-1,35.0
5,1.11549008281,0.0,2017,-1,35.0
6,1.27349008281,0.0,2017,-1,35.0
7,0.965490082813,0.0,2017,-1,35.0
8,1.15849008281,0.0,2017,-1,40.0
9,1.30649008281,0.0,2017,-1,40.0
10,1.19649008281,0.0,2017,-1,40.0
11,1.05949008281,0.0,2017,-1,40.0
12,1.42749008281,0.0,2017,-1,40.0
13,1.59249008281,0.0,2017,-1,40.0
14,0.949490082813,0.0,2017,-1,40.0
15,1.15249008281,0.0,2017,-1,40.0
16,1.07349008281,0.0,2017,-1,40.0
17,1.21049008281,0.0,2017,-1,40.0
18,2.45749008281,0.0,2017,-1,45.0
19,1.64149008282,1.0,2017,-1,45.0
20,1.48349008281,0.0,2017,-1,45.0
21,2.42349008282,1.0,2017,-1,45.0
22,1.82349008281,0.0,2017,-1,45.0
23,1.04849008281,0.0,2017,-1,45.0
24,1.88249008282,1.0,2017,-1,45.0
25,1.52749008282,1.0,2017,-1,45.0
26,1.24249008282,1.0,2017,-1,45.0
27,1.62549008281,0.0,2017,-1,45.0
28,1.48849008282,1.0,2017,-1,45.0
29,2.12249008281,0.0,2017,-1,45.0
30,1.83549008281,0.0,2017,-1,45.0
31,1.35249008282,1.0,2017,-1,45.0
32,0.996490082817,1.0,2017,-1,50.0
33,1.07049008281,0.0,2017,-1,50.0
34,4.24149008282,1.0,2017,-1,50.0
35,2.02949008282,1.0,2017,-1,50.0
36,2.45449008282,1.0,2017,-1,50.0
37,3.04149008281,0.0,2017,-1,50.0
38,1.65249008282,1.0,2017,-1,50.0
39,1.31649008281,0.0,2017,-1,50.0
40,1.61149008282,1.0,2017,-1,50.0
41,1.13949008282,1.0,2017,-1,50.0
42,3.87749008281,0.0,2017,-1,50.0
43,2.38149008282,1.0,2017,-1,50.0
44,1.61749008282,1.0,2017,-1,50.0
45,1.73749008282,1.0,2017,-1,50.0
46,1.69449008282,1.0,2017,-1,50.0
47,3.51649008282,1.0,2017,-1,50.0
48,2.46149008282,1.0,2017,-1,55.0
49,0.911490082817,1.0,2017,-1,55.0
50,1.29149008282,1.0,2017,-1,55.0
51,1.16749008282,1.0,2017,-1,55.0
52,1.24549008282,1.0,2017,-1,55.0
53,1.49749008282,1.0,2017,-1,55.0
54,3.12549008282,1.0,2017,-1,55.0
55,2.04249008282,1.0,2017,-1,55.0
56,1.44949008282,1.0,2017,-1,55.0
57,1.10849008282,1.0,2017,-1,55.0
58,1.51549008282,1.0,2017,-1,55.0
59,1.05649008282,1.0,2017,-1,55.0
60,1.95849008282,1.0,2017,-1,55.0
61,3.18149008282,1.0,2017,-1,55.0
62,1.84349008282,1.0,2017,-1,60.0
63,0.948490082817,1.0,2017,-1,60.0
64,1.07749008282,1.0,2017,-1,60.0
65,1.73849008282,1.0,2017,-1,60.0
66,0.976490082817,1.0,2017,-1,60.0
67,1.25849008282,1.0,2017,-1,60.0
68,2.08349008282,1.0,2017,-1,60.0
69,1.08249008281,0.0,2017,-1,60.0
70,1.83949008282,1.0,2017,-1,60.0
71,2.96849008282,1.0,2017,-1,60.0
72,1.00449008282,1.0,2017,-1,65.0
73,0.910490082817,1.0,2017,-1,65.0
74,1.10249008282,1.0,2017,-1,65.0
75,1.08549008282,1.0,2017,-1,65.0
76,1.65949008282,1.0,2017,-1,65.0
77,1.03149008282,1.0,2017,-1,65.0
78,1.18249008282,1.0,2017,-1,100.0
79,0.973490082817,1.0,2017,-1,100.0
80,1.04249008281,0.0,2017,1,0.0
81,0.901490082813,0.0,2017,1,0.0
82,0.915490082813,0.0,2017,1,35.0
83,1.76449008281,0.0,2017,1,35.0
84,1.08749008281,0.0,2017,1,35.0
85,0.935490082813,0.0,2017,1,35.0
86,0.910490082813,0.0,2017,1,35.0
87,0.889490082813,0.0,2017,1,35.0
88,1.63949008281,0.0,2017,1,40.0
89,1.57549008281,0.0,2017,1,40.0
90,1.59249008282,1.0,2017,1,40.0
91,2.44649008282,1.0,2017,1,40.0
92,2.26249008281,0.0,2017,1,40.0
93,2.08549008282,1.0,2017,1,40.0
94,1.44949008281,0.0,2017,1,40.0
95,2.71349008281,0.0,2017,1,40.0
96,1.21549008281,0.0,2017,1,40.0
97,1.12949008281,0.0,2017,1,40.0
98,1.27149008281,0.0,2017,1,45.0
99,3.24049008281,0.0,2017,1,45.0
100,1.10449008281,0.0,2017,1,45.0
101,1.01749008282,1.0,2017,1,45.0
102,1.65349008282,1.0,2017,1,45.0
103,3.92849008282,1.0,2017,1,45.0
104,1.56149008282,1.0,2017,1,45.0
105,1.28949008281,0.0,2017,1,45.0
106,3.84849008282,1.0,2017,1,45.0
107,1.69849008281,0.0,2017,1,45.0
108,3.53649008281,0.0,2017,1,45.0
109,1.30049008281,0.0,2017,1,45.0
110,1.54249008282,1.0,2017,1,45.0
111,1.48149008281,0.0,2017,1,45.0
112,1.88049008281,0.0,2017,1,50.0
113,1.52749008282,1.0,2017,1,50.0
114,0.973490082817,1.0,2017,1,50.0
115,1.33449008282,1.0,2017,1,50.0
116,2.69349008282,1.0,2017,1,50.0
117,2.47649008282,1.0,2017,1,50.0
118,1.61649008281,0.0,2017,1,50.0
119,2.18449008282,1.0,2017,1,50.0
120,2.34549008282,1.0,2017,1,50.0
121,1.24249008281,0.0,2017,1,50.0
122,2.26849008281,0.0,2017,1,50.0
123,3.88449008282,1.0,2017,1,50.0
124,1.67449008282,1.0,2017,1,50.0
125,5.21149008282,1.0,2017,1,50.0
126,1.49449008282,1.0,2017,1,50.0
127,1.01649008282,1.0,2017,1,50.0
128,1.22149008282,1.0,2017,1,55.0
129,1.39249008282,1.0,2017,1,55.0
130,0.839490082817,1.0,2017,1,55.0
131,1.49449008282,1.0,2017,1,55.0
132,1.85449008282,1.0,2017,1,55.0
133,1.47149008282,1.0,2017,1,55.0
134,2.39449008282,1.0,2017,1,55.0
135,1.49449008282,1.0,2017,1,55.0
136,2.62149008282,1.0,2017,1,55.0
137,0.905490082817,1.0,2017,1,55.0
138,0.816490082817,1.0,2017,1,55.0
139,1.25249008282,1.0,2017,1,55.0
140,1.59049008282,1.0,2017,1,55.0
141,1.20749008282,1.0,2017,1,55.0
142,1.17749008282,1.0,2017,1,60.0
143,1.01549008282,1.0,2017,1,60.0
144,0.888490082817,1.0,2017,1,60.0
145,1.41449008282,1.0,2017,1,60.0
146,1.53049008282,1.0,2017,1,60.0
147,2.64849008282,1.0,2017,1,60.0
148,1.12649008282,1.0,2017,1,60.0
149,1.53449008282,1.0,2017,1,60.0
150,1.40049008282,1.0,2017,1,60.0
151,3.42249008282,1.0,2017,1,60.0
152,0.983490082817,1.0,2017,1,65.0
153,0.901490082817,1.0,2017,1,65.0
154,1.08149008282,1.0,2017,1,65.0
155,2.20749008282,1.0,2017,1,65.0
156,1.40749008282,1.0,2017,1,65.0
157,1.05349008282,1.0,2017,1,65.0
158,1.50449008282,1.0,2017,1,100.0
159,0.936490082817,1.0,2017,1,100.0
0,1.80271851782,0.0,2018,-1,0.0
1,1.05071851782,0.0,2018,-1,0.0
2,1.47671851782,0.0,2018,-1,35.0
3,1.46571851782,0.0,2018,-1,35.0
4,1.14371851782,0.0,2018,-1,35.0
5,1.30771851782,0.0,2018,-1,35.0
6,1.54071851782,0.0,2018,-1,35.0
7,1.08571851782,0.0,2018,-1,35.0
8,1.49871851782,0.0,2018,-1,40.0
9,1.38071851782,0.0,2018,-1,40.0
10,0.959718517823,0.0,2018,-1,40.0
11,1.22271851782,0.0,2018,-1,40.0
12,1.25271851782,0.0,2018,-1,40.0
13,1.63171851782,0.0,2018,-1,40.0
14,1.19471851782,0.0,2018,-1,40.0
15,2.24671851782,0.0,2018,-1,40.0
16,0.922718517823,0.0,2018,-1,40.0
17,2.59671851782,0.0,2018,-1,40.0
18,2.31571851782,0.0,2018,-1,45.0
19,1.03071851782,0.0,2018,-1,45.0
20,1.12171851782,0.0,2018,-1,45.0
21,4.15571851783,1.0,2018,-1,45.0
22,1.20571851782,0.0,2018,-1,45.0
23,1.47071851782,0.0,2018,-1,45.0
24,3.87071851782,0.0,2018,-1,45.0
25,0.926718517823,0.0,2018,-1,45.0
26,1.53971851782,0.0,2018,-1,45.0
27,4.05371851782,0.0,2018,-1,45.0
28,1.39471851782,0.0,2018,-1,45.0
29,3.04471851782,0.0,2018,-1,45.0
30,1.27771851782,0.0,2018,-1,45.0
31,1.43871851782,0.0,2018,-1,45.0
32,2.53971851783,1.0,2018,-1,50.0
33,1.22971851782,0.0,2018,-1,50.0
34,3.45971851782,0.0,2018,-1,50.0
35,1.29671851782,0.0,2018,-1,50.0
36,1.67271851782,0.0,2018,-1,50.0
37,4.59971851783,1.0,2018,-1,50.0
38,2.77671851782,0.0,2018,-1,50.0
39,1.29271851783,1.0,2018,-1,50.0
40,1.96071851782,0.0,2018,-1,50.0
41,1.43471851782,0.0,2018,-1,50.0
42,2.03571851782,0.0,2018,-1,50.0
43,3.95971851782,0.0,2018,-1,50.0
44,2.73971851782,0.0,2018,-1,50.0
45,2.66171851783,1.0,2018,-1,50.0
46,1.86371851782,0.0,2018,-1,50.0
47,1.87671851782,0.0,2018,-1,50.0
48,1.22871851783,1.0,2018,-1,55.0
49,1.09571851783,1.0,2018,-1,55.0
50,2.82071851783,1.0,2018,-1,55.0
51,0.909718517827,1.0,2018,-1,55.0
52,2.30371851783,1.0,2018,-1,55.0
53,1.28271851783,1.0,2018,-1,55.0
54,1.57471851783,1.0,2018,-1,55.0
55,1.15471851783,1.0,2018,-1,55.0
56,1.98571851782,0.0,2018,-1,55.0
57,1.49571851783,1.0,2018,-1,55.0
58,1.54771851783,1.0,2018,-1,55.0
59,2.61071851783,1.0,2018,-1,55.0
60,1.06671851783,1.0,2018,-1,55.0
61,1.64971851783,1.0,2018,-1,55.0
62,1.61271851783,1.0,2018,-1,60.0
63,0.874718517827,1.0,2018,-1,60.0
64,1.66971851783,1.0,2018,-1,60.0
65,1.01771851783,1.0,2018,-1,60.0
66,1.81071851783,1.0,2018,-1,60.0
67,0.898718517827,1.0,2018,-1,60.0
68,1.58271851783,1.0,2018,-1,60.0
69,0.994718517827,1.0,2018,-1,60.0
70,1.48071851783,1.0,2018,-1,60.0
71,1.35171851783,1.0,2018,-1,60.0
72,1.00571851783,1.0,2018,-1,65.0
73,0.993718517827,1.0,2018,-1,65.0
74,1.25071851783,1.0,2018,-1,65.0
75,0.954718517827,1.0,2018,-1,65.0
76,1.81471851783,1.0,2018,-1,65.0
77,1.06071851783,1.0,2018,-1,65.0
78,1.05471851783,1.0,2018,-1,100.0
79,1.07871851783,1.0,2018,-1,100.0
80,2.40271851782,0.0,2018,1,0.0
81,1.63671851782,0.0,2018,1,0.0
82,1.94671851782,0.0,2018,1,35.0
83,1.81271851782,0.0,2018,1,35.0
84,1.09471851782,0.0,2018,1,35.0
85,3.06871851782,0.0,2018,1,35.0
86,0.981718517823,0.0,2018,1,35.0
87,1.40771851782,0.0,2018,1,35.0
88,0.911718517827,1.0,2018,1,40.0
89,3.34671851782,0.0,2018,1,40.0
90,1.27171851783,1.0,2018,1,40.0
91,1.58771851782,0.0,2018,1,40.0
92,1.13971851782,0.0,2018,1,40.0
93,1.24571851782,0.0,2018,1,40.0
94,1.89571851782,0.0,2018,1,40.0
95,1.17771851782,0.0,2018,1,40.0
96,1.52971851782,0.0,2018,1,40.0
97,1.96071851783,1.0,2018,1,40.0
98,2.30471851782,0.0,2018,1,45.0
99,1.10571851783,1.0,2018,1,45.0
100,2.02971851782,0.0,2018,1,45.0
101,3.20271851783,1.0,2018,1,45.0
102,1.29071851782,0.0,2018,1,45.0
103,2.01271851782,0.0,2018,1,45.0
104,1.19371851783,1.0,2018,1,45.0
105,1.83071851783,1.0,2018,1,45.0
106,5.45871851782,0.0,2018,1,45.0
107,1.39271851782,0.0,2018,1,45.0
108,2.05371851782,0.0,2018,1,45.0
109,4.96371851782,0.0,2018,1,45.0
110,1.00971851782,0.0,2018,1,45.0
111,1.55971851783,1.0,2018,1,45.0
112,0.936718517827,1.0,2018,1,50.0
113,0.975718517827,1.0,2018,1,50.0
114,0.831718517827,1.0,2018,1,50.0
115,1.50271851782,0.0,2018,1,50.0
116,1.32471851783,1.0,2018,1,50.0
117,1.25871851783,1.0,2018,1,50.0
118,1.59271851783,1.0,2018,1,50.0
119,3.76771851783,1.0,2018,1,50.0
120,2.80171851783,1.0,2018,1,50.0
121,1.26871851783,1.0,2018,1,50.0
122,1.70171851783,1.0,2018,1,50.0
123,2.47771851783,1.0,2018,1,50.0
124,1.09071851783,1.0,2018,1,50.0
125,1.29971851783,1.0,2018,1,50.0
126,1.40771851783,1.0,2018,1,50.0
127,0.904718517827,1.0,2018,1,50.0
128,1.17571851783,1.0,2018,1,55.0
129,2.13171851783,1.0,2018,1,55.0
130,1.49671851783,1.0,2018,1,55.0
131,2.67571851783,1.0,2018,1,55.0
132,3.38971851783,1.0,2018,1,55.0
133,1.41071851783,1.0,2018,1,55.0
134,1.73671851783,1.0,2018,1,55.0
135,1.01971851783,1.0,2018,1,55.0
136,1.33071851783,1.0,2018,1,55.0
137,1.06171851783,1.0,2018,1,55.0
138,1.80271851783,1.0,2018,1,55.0
139,1.12371851783,1.0,2018,1,55.0
140,0.903718517827,1.0,2018,1,55.0
141,1.00671851783,1.0,2018,1,55.0
142,0.852718517827,1.0,2018,1,60.0
143,0.892718517827,1.0,2018,1,60.0
144,0.951718517827,1.0,2018,1,60.0
145,1.19371851783,1.0,2018,1,60.0
146,0.878718517827,1.0,2018,1,60.0
147,0.982718517827,1.0,2018,1,60.0
148,0.809718517827,1.0,2018,1,60.0
149,0.954718517827,1.0,2018,1,60.0
150,0.875718517827,1.0,2018,1,60.0
151,1.61871851783,1.0,2018,1,60.0
152,0.975718517827,1.0,2018,1,65.0
153,0.875718517827,1.0,2018,1,65.0
154,1.19671851783,1.0,2018,1,65.0
155,1.02671851783,1.0,2018,1,65.0
156,1.30071851783,1.0,2018,1,65.0
157,0.867718517827,1.0,2018,1,65.0
158,1.73971851783,1.0,2018,1,100.0
159,0.902718517827,1.0,2018,1,100.0
0,1.08305518055,0.0,2019,-1,0.0
1,1.00705518055,0.0,2019,-1,0.0
2,1.11305518055,0.0,2019,-1,35.0
3,1.37005518055,0.0,2019,-1,35.0
4,1.48905518055,0.0,2019,-1,35.0
5,1.18505518055,0.0,2019,-1,35.0
6,1.29205518055,0.0,2019,-1,35.0
7,1.06205518055,0.0,2019,-1,35.0
8,0.960055180548,0.0,2019,-1,40.0
9,1.07305518055,0.0,2019,-1,40.0
10,1.17705518055,0.0,2019,-1,40.0
11,1.31605518055,0.0,2019,-1,40.0
12,1.37905518055,0.0,2019,-1,40.0
13,2.99905518055,1.0,2019,-1,40.0
14,2.03005518055,0.0,2019,-1,40.0
15,1.55705518055,0.0,2019,-1,40.0
16,0.977055180548,0.0,2019,-1,40.0
17,2.05605518055,0.0,2019,-1,40.0
18,6.36905518055,1.0,2019,-1,45.0
19,1.11405518055,0.0,2019,-1,45.0
20,3.18605518055,0.0,2019,-1,45.0
21,1.88905518055,0.0,2019,-1,45.0
22,3.00505518055,0.0,2019,-1,45.0
23,3.64105518055,1.0,2019,-1,45.0
24,2.59505518055,0.0,2019,-1,45.0
25,5.12905518055,1.0,2019,-1,45.0
26,1.47405518055,1.0,2019,-1,45.0
27,2.37805518055,1.0,2019,-1,45.0
28,2.74605518055,1.0,2019,-1,45.0
29,2.29805518055,0.0,2019,-1,45.0
30,2.29005518055,0.0,2019,-1,45.0
31,1.23905518055,0.0,2019,-1,45.0
32,2.04005518055,0.0,2019,-1,50.0
33,2.02605518055,0.0,2019,-1,50.0
34,1.59605518055,0.0,2019,-1,50.0
35,1.19605518055,0.0,2019,-1,50.0
36,1.12305518055,1.0,2019,-1,50.0
37,1.04605518055,0.0,2019,-1,50.0
38,1.95605518055,1.0,2019,-1,50.0
39,1.61505518055,1.0,2019,-1,50.0
40,1.12605518055,1.0,2019,-1,50.0
41,1.69805518055,1.0,2019,-1,50.0
42,3.18905518055,1.0,2019,-1,50.0
43,1.05905518055,1.0,2019,-1,50.0
44,1.39805518055,1.0,2019,-1,50.0
45,2.48105518055,1.0,2019,-1,50.0
46,1.42205518055,1.0,2019,-1,50.0
47,1.33505518055,1.0,2019,-1,50.0
48,0.877055180552,1.0,2019,-1,55.0
49,1.28305518055,1.0,2019,-1,55.0
50,0.856055180552,1.0,2019,-1,55.0
51,1.32005518055,1.0,2019,-1,55.0
52,0.974055180552,1.0,2019,-1,55.0
53,1.47005518055,1.0,2019,-1,55.0
54,2.01505518055,1.0,2019,-1,55.0
55,0.900055180552,1.0,2019,-1,55.0
56,2.45605518055,1.0,2019,-1,55.0
57,3.13405518055,1.0,2019,-1,55.0
58,0.868055180552,1.0,2019,-1,55.0
59,2.37205518055,1.0,2019,-1,55.0
60,1.07605518055,0.0,2019,-1,55.0
61,2.03605518055,1.0,2019,-1,55.0
62,1.35205518055,1.0,2019,-1,60.0
63,1.31805518055,0.0,2019,-1,60.0
64,1.00605518055,1.0,2019,-1,60.0
65,1.00905518055,1.0,2019,-1,60.0
66,0.836055180552,1.0,2019,-1,60.0
67,0.957055180552,1.0,2019,-1,60.0
68,1.35405518055,1.0,2019,-1,60.0
69,2.04705518055,1.0,2019,-1,60.0
70,1.13405518055,1.0,2019,-1,60.0
71,1.63105518055,1.0,2019,-1,60.0
72,1.33005518055,1.0,2019,-1,65.0
73,2.14105518055,1.0,2019,-1,65.0
74,1.21105518055,1.0,2019,-1,65.0
75,2.40305518055,1.0,2019,-1,65.0
76,1.14505518055,1.0,2019,-1,65.0
77,1.98805518055,1.0,2019,-1,65.0
78,0.859055180552,1.0,2019,-1,100.0
79,1.02605518055,1.0,2019,-1,100.0
80,0.997055180548,0.0,2019,1,0.0
81,1.18405518055,0.0,2019,1,0.0
82,1.24105518055,0.0,2019,1,35.0
83,1.00505518055,0.0,2019,1,35.0
84,1.03705518055,0.0,2019,1,35.0
85,1.25905518055,0.0,2019,1,35.0
86,1.04905518055,0.0,2019,1,35.0
87,0.832055180548,0.0,2019,1,35.0
88,5.12505518055,0.0,2019,1,40.0
89,1.29305518055,0.0,2019,1,40.0
90,2.43305518055,0.0,2019,1,40.0
91,1.35905518055,0.0,2019,1,40.0
92,1.94105518055,0.0,2019,1,40.0
93,1.01805518055,1.0,2019,1,40.0
94,1.44305518055,1.0,2019,1,40.0
95,1.34605518055,0.0,2019,1,40.0
96,1.31005518055,0.0,2019,1,40.0
97,1.20205518055,0.0,2019,1,40.0
98,1.95605518055,1.0,2019,1,45.0
99,1.27505518055,1.0,2019,1,45.0
100,3.02905518055,0.0,2019,1,45.0
101,3.43105518055,0.0,2019,1,45.0
102,2.13605518055,0.0,2019,1,45.0
103,1.07105518055,0.0,2019,1,45.0
104,1.80805518055,1.0,2019,1,45.0
105,2.25805518055,0.0,2019,1,45.0
106,0.891055180552,1.0,2019,1,45.0
107,1.13305518055,1.0,2019,1,45.0
108,1.84605518055,1.0,2019,1,45.0
109,4.02105518055,0.0,2019,1,45.0
110,1.36105518055,0.0,2019,1,45.0
111,1.15305518055,1.0,2019,1,45.0
112,2.75405518055,1.0,2019,1,50.0
113,1.99005518055,1.0,2019,1,50.0
114,2.19505518055,1.0,2019,1,50.0
115,1.48805518055,1.0,2019,1,50.0
116,1.61205518055,1.0,2019,1,50.0
117,1.16705518055,1.0,2019,1,50.0
118,2.82905518055,1.0,2019,1,50.0
119,1.20305518055,1.0,2019,1,50.0
120,2.44605518055,1.0,2019,1,50.0
121,1.59005518055,1.0,2019,1,50.0
122,1.15605518055,1.0,2019,1,50.0
123,1.09805518055,1.0,2019,1,50.0
124,1.30805518055,1.0,2019,1,50.0
125,1.95205518055,1.0,2019,1,50.0
126,1.17205518055,1.0,2019,1,50.0
127,2.94705518055,1.0,2019,1,50.0
128,1.65305518055,1.0,2019,1,55.0
129,1.02205518055,1.0,2019,1,55.0
130,0.862055180552,1.0,2019,1,55.0
131,1.58505518055,1.0,2019,1,55.0
132,1.04205518055,1.0,2019,1,55.0
133,0.968055180552,1.0,2019,1,55.0
134,1.02005518055,1.0,2019,1,55.0
135,2.96705518055,1.0,2019,1,55.0
136,2.01405518055,1.0,2019,1,55.0
137,4.92405518055,0.0,2019,1,55.0
138,1.98005518055,1.0,2019,1,55.0
139,1.61105518055,1.0,2019,1,55.0
140,1.28805518055,1.0,2019,1,55.0
141,1.47405518055,1.0,2019,1,55.0
142,1.52305518055,1.0,2019,1,60.0
143,1.35705518055,1.0,2019,1,60.0
144,2.05005518055,1.0,2019,1,60.0
145,1.13705518055,0.0,2019,1,60.0
146,0.810055180552,1.0,2019,1,60.0
147,1.32705518055,1.0,2019,1,60.0
148,1.54805518055,1.0,2019,1,60.0
149,1.94005518055,1.0,2019,1,60.0
150,2.81505518055,1.0,2019,1,60.0
151,2.68505518055,1.0,2019,1,60.0
152,1.11405518055,1.0,2019,1,65.0
153,1.04705518055,1.0,2019,1,65.0
154,1.49405518055,1.0,2019,1,65.0
155,1.03705518055,1.0,2019,1,65.0
156,0.913055180552,1.0,2019,1,65.0
157,1.83005518055,1.0,2019,1,65.0
158,1.01905518055,1.0,2019,1,100.0
159,1.87305518055,1.0,2019,1,100.0
0,1.06538283223,0.0,2020,-1,0.0
1,1.23838283223,0.0,2020,-1,0.0
2,1.03638283223,0.0,2020,-1,35.0
3,1.48538283223,0.0,2020,-1,35.0
4,1.56238283223,0.0,2020,-1,35.0
5,2.29438283223,0.0,2020,-1,35.0
6,1.36838283223,0.0,2020,-1,35.0
7,1.85238283223,0.0,2020,-1,35.0
8,1.37538283223,0.0,2020,-1,40.0
9,1.66138283223,0.0,2020,-1,40.0
10,1.58338283223,0.0,2020,-1,40.0
11,1.34338283223,0.0,2020,-1,40.0
12,1.36638283224,1.0,2020,-1,40.0
13,2.34038283223,0.0,2020,-1,40.0
14,1.59538283223,0.0,2020,-1,40.0
15,1.71238283223,0.0,2020,-1,40.0
16,1.11638283223,0.0,2020,-1,40.0
17,1.51638283223,0.0,2020,-1,40.0
18,2.12338283223,0.0,2020,-1,45.0
19,1.80038283223,0.0,2020,-1,45.0
20,3.16938283223,0.0,2020,-1,45.0
21,1.88438283223,0.0,2020,-1,45.0
22,1.39338283223,0.0,2020,-1,45.0
23,1.39238283223,0.0,2020,-1,45.0
24,1.28938283223,0.0,2020,-1,45.0
25,2.20738283223,0.0,2020,-1,45.0
26,1.43438283223,0.0,2020,-1,45.0
27,2.42538283223,0.0,2020,-1,45.0
28,1.20738283223,0.0,2020,-1,45.0
29,2.77038283223,0.0,2020,-1,45.0
30,1.41238283223,0.0,2020,-1,45.0
31,1.26038283223,0.0,2020,-1,45.0
32,4.16138283224,1.0,2020,-1,50.0
33,1.79438283224,1.0,2020,-1,50.0
34,1.35238283224,1.0,2020,-1,50.0
35,1.73238283223,0.0,2020,-1,50.0
36,3.69938283223,0.0,2020,-1,50.0
37,3.33038283223,0.0,2020,-1,50.0
38,1.90638283223,0.0,2020,-1,50.0
39,1.71738283223,0.0,2020,-1,50.0
40,2.83238283224,1.0,2020,-1,50.0
41,4.06038283223,0.0,2020,-1,50.0
42,1.56238283223,0.0,2020,-1,50.0
43,3.34438283223,0.0,2020,-1,50.0
44,2.49338283223,0.0,2020,-1,50.0
45,1.53138283223,0.0,2020,-1,50.0
46,4.94938283223,0.0,2020,-1,50.0
47,1.76638283223,0.0,2020,-1,50.0
48,2.49838283223,0.0,2020,-1,55.0
49,1.25038283224,1.0,2020,-1,55.0
50,2.08338283224,1.0,2020,-1,55.0
51,4.10838283223,0.0,2020,-1,55.0
52,1.23338283224,1.0,2020,-1,55.0
53,2.53238283224,1.0,2020,-1,55.0
54,2.68938283223,0.0,2020,-1,55.0
55,5.73638283224,1.0,2020,-1,55.0
56,2.11738283224,1.0,2020,-1,55.0
57,4.86638283224,1.0,2020,-1,55.0
58,3.41638283224,1.0,2020,-1,55.0
59,2.97138283223,0.0,2020,-1,55.0
60,1.66938283224,1.0,2020,-1,55.0
61,2.05938283223,0.0,2020,-1,55.0
62,1.24438283224,1.0,2020,-1,60.0
63,1.52838283224,1.0,2020,-1,60.0
64,1.17938283224,1.0,2020,-1,60.0
65,1.75638283224,1.0,2020,-1,60.0
66,1.89438283224,1.0,2020,-1,60.0
67,1.36938283224,1.0,2020,-1,60.0
68,1.31738283224,1.0,2020,-1,60.0
69,2.45038283224,1.0,2020,-1,60.0
70,1.51438283224,1.0,2020,-1,60.0
71,1.51738283224,1.0,2020,-1,60.0
72,1.89038283224,1.0,2020,-1,65.0
73,1.44838283224,1.0,2020,-1,65.0
74,1.50438283224,1.0,2020,-1,65.0
75,1.52938283224,1.0,2020,-1,65.0
76,1.63238283224,1.0,2020,-1,65.0
77,1.33938283224,1.0,2020,-1,65.0
78,1.46538283224,1.0,2020,-1,100.0
79,1.73238283224,1.0,2020,-1,100.0
80,1.29438283223,0.0,2020,1,0.0
81,1.35738283223,0.0,2020,1,0.0
82,2.32338283223,0.0,2020,1,35.0
83,1.77138283223,0.0,2020,1,35.0
84,1.64538283223,0.0,2020,1,35.0
85,1.15238283223,0.0,2020,1,35.0
86,1.23138283223,0.0,2020,1,35.0
87,1.35438283223,0.0,2020,1,35.0
88,1.61538283223,0.0,2020,1,40.0
89,1.18138283223,0.0,2020,1,40.0
90,2.83838283223,0.0,2020,1,40.0
91,1.34738283223,0.0,2020,1,40.0
92,1.41338283223,0.0,2020,1,40.0
93,1.60338283223,0.0,2020,1,40.0
94,1.94338283223,0.0,2020,1,40.0
95,1.37138283223,0.0,2020,1,40.0
96,1.83438283223,0.0,2020,1,40.0
97,1.86838283223,0.0,2020,1,40.0
98,1.55038283223,0.0,2020,1,45.0
99,1.44438283223,0.0,2020,1,45.0
100,2.98638283223,0.0,2020,1,45.0
101,1.34638283223,0.0,2020,1,45.0
102,2.08438283223,0.0,2020,1,45.0
103,1.31438283224,1.0,2020,1,45.0
104,3.61638283223,0.0,2020,1,45.0
105,2.01638283223,0.0,2020,1,45.0
106,1.32438283223,0.0,2020,1,45.0
107,1.60438283223,0.0,2020,1,45.0
108,1.97638283223,0.0,2020,1,45.0
109,1.86738283223,0.0,2020,1,45.0
110,1.41638283223,0.0,2020,1,45.0
111,1.26738283223,0.0,2020,1,45.0
112,1.45338283224,1.0,2020,1,50.0
113,2.18238283224,1.0,2020,1,50.0
114,2.55638283224,1.0,2020,1,50.0
115,5.21038283223,0.0,2020,1,50.0
116,2.03138283223,0.0,2020,1,50.0
117,2.27038283224,1.0,2020,1,50.0
118,1.96238283224,1.0,2020,1,50.0
119,1.70738283224,1.0,2020,1,50.0
120,4.78638283223,0.0,2020,1,50.0
121,2.00538283224,1.0,2020,1,50.0
122,1.11238283224,1.0,2020,1,50.0
123,1.39638283224,1.0,2020,1,50.0
124,2.14238283224,1.0,2020,1,50.0
125,2.30238283223,0.0,2020,1,50.0
126,3.98138283223,0.0,2020,1,50.0
127,1.39938283223,0.0,2020,1,50.0
128,1.94038283224,1.0,2020,1,55.0
129,1.23438283224,1.0,2020,1,55.0
130,1.79838283224,1.0,2020,1,55.0
131,1.11938283224,1.0,2020,1,55.0
132,3.15538283224,1.0,2020,1,55.0
133,2.02238283224,1.0,2020,1,55.0
134,1.20038283224,1.0,2020,1,55.0
135,2.98638283223,0.0,2020,1,55.0
136,3.64438283224,1.0,2020,1,55.0
137,2.27538283224,1.0,2020,1,55.0
138,1.51238283224,1.0,2020,1,55.0
139,2.81838283224,1.0,2020,1,55.0
140,1.24038283224,1.0,2020,1,55.0
141,1.44938283224,1.0,2020,1,55.0
142,1.36738283224,1.0,2020,1,60.0
143,1.14238283224,1.0,2020,1,60.0
144,1.46338283224,1.0,2020,1,60.0
145,1.62338283224,1.0,2020,1,60.0
146,1.35838283224,1.0,2020,1,60.0
147,1.34938283224,1.0,2020,1,60.0
148,1.26538283224,1.0,2020,1,60.0
149,2.76338283224,1.0,2020,1,60.0
150,1.10638283224,1.0,2020,1,60.0
151,1.26038283224,1.0,2020,1,60.0
152,1.04638283224,1.0,2020,1,65.0
153,1.68738283224,1.0,2020,1,65.0
154,1.14338283224,1.0,2020,1,65.0
155,1.32638283224,1.0,2020,1,65.0
156,1.53938283224,1.0,2020,1,65.0
157,1.20038283224,1.0,2020,1,65.0
158,1.25138283224,1.0,2020,1,100.0
159,2.03138283224,1.0,2020,1,100.0
0,0.978945097007,0.0,2021,-1,0.0
1,1.07494509701,0.0,2021,-1,0.0
2,1.18294509701,0.0,2021,-1,35.0
3,0.870945097007,0.0,2021,-1,35.0
4,1.01694509701,0.0,2021,-1,35.0
5,3.06994509701,0.0,2021,-1,35.0
6,1.38194509701,0.0,2021,-1,35.0
7,1.28794509701,0.0,2021,-1,35.0
8,1.36994509701,0.0,2021,-1,40.0
9,2.48194509701,0.0,2021,-1,40.0
10,1.54494509701,0.0,2021,-1,40.0
11,1.19794509701,0.0,2021,-1,40.0
12,1.13694509701,0.0,2021,-1,40.0
13,0.989945097007,0.0,2021,-1,40.0
14,1.69894509701,0.0,2021,-1,40.0
15,0.940945097007,0.0,2021,-1,40.0
16,3.69794509701,0.0,2021,-1,40.0
17,1.39694509701,0.0,2021,-1,40.0
18,1.09794509701,0.0,2021,-1,45.0
19,1.59194509701,0.0,2021,-1,45.0
20,1.63394509701,0.0,2021,-1,45.0
21,1.21494509701,0.0,2021,-1,45.0
22,2.96694509701,1.0,2021,-1,45.0
23,1.17594509701,0.0,2021,-1,45.0
24,1.21494509701,0.0,2021,-1,45.0
25,2.94094509701,0.0,2021,-1,45.0
26,1.23294509701,0.0,2021,-1,45.0
27,3.13394509701,0.0,2021,-1,45.0
28,3.35994509701,0.0,2021,-1,45.0
29,1.72994509701,0.0,2021,-1,45.0
30,0.986945097007,0.0,2021,-1,45.0
31,1.38694509701,0.0,2021,-1,45.0
32,1.13294509701,0.0,2021,-1,50.0
33,2.68894509701,0.0,2021,-1,50.0
34,1.56494509701,0.0,2021,-1,50.0
35,1.32394509701,0.0,2021,-1,50.0
36,4.53794509701,1.0,2021,-1,50.0
37,1.07194509701,0.0,2021,-1,50.0
38,1.39894509701,0.0,2021,-1,50.0
39,1.28394509701,1.0,2021,-1,50.0
40,2.69094509701,0.0,2021,-1,50.0
41,3.09194509701,0.0,2021,-1,50.0
42,5.96394509701,0.0,2021,-1,50.0
43,1.75894509701,1.0,2021,-1,50.0
44,1.54494509701,1.0,2021,-1,50.0
45,1.05094509701,0.0,2021,-1,50.0
46,1.93794509701,0.0,2021,-1,50.0
47,1.02794509701,0.0,2021,-1,50.0
48,2.39394509701,1.0,2021,-1,55.0
49,2.34694509701,1.0,2021,-1,55.0
50,0.943945097011,1.0,2021,-1,55.0
51,1.71894509701,1.0,2021,-1,55.0
52,3.84394509701,1.0,2021,-1,55.0
53,1.82894509701,1.0,2021,-1,55.0
54,1.52494509701,0.0,2021,-1,55.0
55,0.934945097011,1.0,2021,-1,55.0
56,2.22894509701,1.0,2021,-1,55.0
57,2.15794509701,1.0,2021,-1,55.0
58,1.00494509701,1.0,2021,-1,55.0
59,2.44694509701,1.0,2021,-1,55.0
60,1.51094509701,0.0,2021,-1,55.0
61,1.58694509701,1.0,2021,-1,55.0
62,1.18494509701,1.0,2021,-1,60.0
63,1.70994509701,1.0,2021,-1,60.0
64,2.16994509701,1.0,2021,-1,60.0
65,1.61994509701,1.0,2021,-1,60.0
66,0.871945097011,1.0,2021,-1,60.0
67,1.66994509701,1.0,2021,-1,60.0
68,2.88194509701,1.0,2021,-1,60.0
69,2.89094509701,1.0,2021,-1,60.0
70,2.50194509701,0.0,2021,-1,60.0
71,0.984945097011,1.0,2021,-1,60.0
72,1.06594509701,1.0,2021,-1,65.0
73,1.35194509701,1.0,2021,-1,65.0
74,1.57394509701,1.0,2021,-1,65.0
75,1.20394509701,1.0,2021,-1,65.0
76,1.59094509701,1.0,2021,-1,65.0
77,0.901945097011,1.0,2021,-1,65.0
78,1.12494509701,1.0,2021,-1,100.0
79,2.02094509701,1.0,2021,-1,100.0
80,1.29794509701,0.0,2021,1,0.0
81,1.03194509701,0.0,2021,1,0.0
82,1.08294509701,0.0,2021,1,35.0
83,1.46894509701,0.0,2021,1,35.0
84,1.47494509701,0.0,2021,1,35.0
85,0.947945097007,0.0,2021,1,35.0
86,1.18994509701,0.0,2021,1,35.0
87,1.35494509701,0.0,2021,1,35.0
88,1.89694509701,0.0,2021,1,40.0
89,1.75894509701,0.0,2021,1,40.0
90,2.12294509701,0.0,2021,1,40.0
91,2.11194509701,0.0,2021,1,40.0
92,1.38894509701,0.0,2021,1,40.0
93,3.24094509701,0.0,2021,1,40.0
94,3.48294509701,0.0,2021,1,40.0
95,1.67594509701,0.0,2021,1,40.0
96,1.58494509701,1.0,2021,1,40.0
97,1.58894509701,0.0,2021,1,40.0
98,1.35094509701,0.0,2021,1,45.0
99,1.73494509701,1.0,2021,1,45.0
100,1.98594509701,0.0,2021,1,45.0
101,1.59994509701,0.0,2021,1,45.0
102,2.43594509701,1.0,2021,1,45.0
103,0.935945097007,0.0,2021,1,45.0
104,1.35394509701,0.0,2021,1,45.0
105,1.56794509701,1.0,2021,1,45.0
106,1.07694509701,1.0,2021,1,45.0
107,3.19894509701,0.0,2021,1,45.0
108,1.03194509701,0.0,2021,1,45.0
109,1.09094509701,0.0,2021,1,45.0
110,1.99194509701,0.0,2021,1,45.0
111,1.04694509701,0.0,2021,1,45.0
112,1.97994509701,0.0,2021,1,50.0
113,1.08094509701,1.0,2021,1,50.0
114,1.73094509701,1.0,2021,1,50.0
115,1.11394509701,0.0,2021,1,50.0
116,2.38794509701,1.0,2021,1,50.0
117,1.84294509701,0.0,2021,1,50.0
118,4.40794509701,0.0,2021,1,50.0
119,2.79994509701,1.0,2021,1,50.0
120,1.06294509701,0.0,2021,1,50.0
121,2.60194509701,1.0,2021,1,50.0
122,1.78794509701,1.0,2021,1,50.0
123,5.31994509701,0.0,2021,1,50.0
124,2.03694509701,1.0,2021,1,50.0
125,5.50694509701,0.0,2021,1,50.0
126,2.09094509701,0.0,2021,1,50.0
127,1.22794509701,1.0,2021,1,50.0
128,1.90794509701,0.0,2021,1,55.0
129,1.23594509701,1.0,2021,1,55.0
130,2.61494509701,1.0,2021,1,55.0
131,1.90394509701,1.0,2021,1,55.0
132,2.23894509701,1.0,2021,1,55.0
133,1.57994509701,0.0,2021,1,55.0
134,1.00194509701,1.0,2021,1,55.0
135,1.45794509701,1.0,2021,1,55.0
136,1.85494509701,1.0,2021,1,55.0
137,1.51294509701,1.0,2021,1,55.0
138,1.20594509701,1.0,2021,1,55.0
139,1.93494509701,0.0,2021,1,55.0
140,5.20394509701,0.0,2021,1,55.0
141,1.45194509701,1.0,2021,1,55.0
142,1.05794509701,1.0,2021,1,60.0
143,1.66694509701,1.0,2021,1,60.0
144,1.70094509701,1.0,2021,1,60.0
145,0.843945097011,1.0,2021,1,60.0
146,1.03494509701,1.0,2021,1,60.0
147,2.12094509701,1.0,2021,1,60.0
148,1.21694509701,1.0,2021,1,60.0
149,0.940945097011,1.0,2021,1,60.0
150,1.23794509701,1.0,2021,1,60.0
151,1.44894509701,1.0,2021,1,60.0
152,1.13394509701,1.0,2021,1,65.0
153,1.19894509701,1.0,2021,1,65.0
154,1.27594509701,1.0,2021,1,65.0
155,1.52494509701,1.0,2021,1,65.0
156,1.12594509701,1.0,2021,1,65.0
157,1.00894509701,1.0,2021,1,65.0
158,0.871945097011,1.0,2021,1,100.0
159,1.02494509701,1.0,2021,1,100.0
0,1.35353486749,0.0,2022,-1,0.0
1,1.66853486749,0.0,2022,-1,0.0
2,1.36953486749,0.0,2022,-1,35.0
3,1.87653486749,0.0,2022,-1,35.0
4,1.35353486749,0.0,2022,-1,35.0
5,1.50753486749,0.0,2022,-1,35.0
6,1.43453486749,0.0,2022,-1,35.0
7,1.18153486749,0.0,2022,-1,35.0
8,1.45953486749,0.0,2022,-1,40.0
9,1.18953486749,0.0,2022,-1,40.0
10,1.61753486749,0.0,2022,-1,40.0
11,1.91053486749,0.0,2022,-1,40.0
12,1.27253486749,0.0,2022,-1,40.0
13,1.56553486749,0.0,2022,-1,40.0
14,2.70053486749,0.0,2022,-1,40.0
15,2.44653486749,0.0,2022,-1,40.0
16,1.70153486749,0.0,2022,-1,40.0
17,1.70753486749,0.0,2022,-1,40.0
18,2.34853486749,1.0,2022,-1,45.0
19,1.84953486749,0.0,2022,-1,45.0
20,1.39253486749,0.0,2022,-1,45.0
21,2.97153486749,0.0,2022,-1,45.0
22,1.29753486749,0.0,2022,-1,45.0
23,1.60253486749,0.0,2022,-1,45.0
24,2.75553486749,0.0,2022,-1,45.0
25,1.62253486749,0.0,2022,-1,45.0
26,1.58953486749,0.0,2022,-1,45.0
27,1.56053486749,0.0,2022,-1,45.0
28,1.38653486749,0.0,2022,-1,45.0
29,3.87853486749,0.0,2022,-1,45.0
30,1.21253486749,0.0,2022,-1,45.0
31,1.39753486749,1.0,2022,-1,45.0
32,1.58853486749,0.0,2022,-1,50.0
33,1.60053486749,0.0,2022,-1,50.0
34,2.13953486749,0.0,2022,-1,50.0
35,2.90053486749,0.0,2022,-1,50.0
36,1.62353486749,0.0,2022,-1,50.0
37,1.55953486749,0.0,2022,-1,50.0
38,1.78353486749,0.0,2022,-1,50.0
39,1.60353486749,0.0,2022,-1,50.0
40,1.82553486749,0.0,2022,-1,50.0
41,1.70753486749,0.0,2022,-1,50.0
42,1.77853486749,0.0,2022,-1,50.0
43,4.34553486749,0.0,2022,-1,50.0
44,1.68053486749,0.0,2022,-1,50.0
45,5.56853486749,0.0,2022,-1,50.0
46,1.77953486749,0.0,2022,-1,50.0
47,1.33553486749,1.0,2022,-1,50.0
48,2.41853486749,1.0,2022,-1,55.0
49,3.10353486749,1.0,2022,-1,55.0
50,1.50453486749,1.0,2022,-1,55.0
51,4.68853486749,1.0,2022,-1,55.0
52,2.28053486749,1.0,2022,-1,55.0
53,2.13353486749,1.0,2022,-1,55.0
54,3.15153486749,1.0,2022,-1,55.0
55,2.29053486749,1.0,2022,-1,55.0
56,3.97653486749,1.0,2022,-1,55.0
57,2.80353486749,0.0,2022,-1,55.0
58,3.58653486749,0.0,2022,-1,55.0
59,2.30253486749,1.0,2022,-1,55.0
60,5.57253486749,0.0,2022,-1,55.0
61,3.76653486749,1.0,2022,-1,55.0
62,1.74753486749,1.0,2022,-1,60.0
63,1.39553486749,1.0,2022,-1,60.0
64,1.45453486749,1.0,2022,-1,60.0
65,2.03353486749,1.0,2022,-1,60.0
66,1.30053486749,1.0,2022,-1,60.0
67,3.59953486749,1.0,2022,-1,60.0
68,2.49253486749,1.0,2022,-1,60.0
69,1.99553486749,1.0,2022,-1,60.0
70,1.61953486749,1.0,2022,-1,60.0
71,2.27853486749,1.0,2022,-1,60.0
72,1.34653486749,1.0,2022,-1,65.0
73,1.42653486749,1.0,2022,-1,65.0
74,1.95653486749,1.0,2022,-1,65.0
75,1.98553486749,1.0,2022,-1,65.0
76,1.33253486749,1.0,2022,-1,65.0
77,1.91153486749,1.0,2022,-1,65.0
78,1.76953486749,1.0,2022,-1,100.0
79,1.56553486749,1.0,2022,-1,100.0
80,1.17953486749,0.0,2022,1,0.0
81,1.41553486749,0.0,2022,1,0.0
82,1.22353486749,0.0,2022,1,35.0
83,2.14553486749,0.0,2022,1,35.0
84,1.37253486749,0.0,2022,1,35.0
85,1.79053486749,0.0,2022,1,35.0
86,2.12553486749,0.0,2022,1,35.0
87,1.40353486749,0.0,2022,1,35.0
88,2.11753486749,1.0,2022,1,40.0
89,1.61153486749,0.0,2022,1,40.0
90,1.26153486749,0.0,2022,1,40.0
91,2.34653486749,0.0,2022,1,40.0
92,1.28553486749,0.0,2022,1,40.0
93,1.18853486749,0.0,2022,1,40.0
94,1.39253486749,0.0,2022,1,40.0
95,2.41153486749,0.0,2022,1,40.0
96,1.71153486749,0.0,2022,1,40.0
97,1.54053486749,0.0,2022,1,40.0
98,2.44853486749,0.0,2022,1,45.0
99,2.25953486749,0.0,2022,1,45.0
100,4.20053486749,0.0,2022,1,45.0
101,3.92453486749,0.0,2022,1,45.0
102,1.60753486749,0.0,2022,1,45.0
103,1.73153486749,0.0,2022,1,45.0
104,1.16853486749,0.0,2022,1,45.0
105,1.69353486749,0.0,2022,1,45.0
106,3.09053486749,0.0,2022,1,45.0
107,1.17553486749,0.0,2022,1,45.0
108,3.60753486749,0.0,2022,1,45.0
109,1.84853486749,0.0,2022,1,45.0
110,1.54553486749,0.0,2022,1,45.0
111,2.02153486749,0.0,2022,1,45.0
112,2.87053486749,1.0,2022,1,50.0
113,3.45053486749,1.0,2022,1,50.0
114,1.74253486749,0.0,2022,1,50.0
115,1.72453486749,1.0,2022,1,50.0
116,3.05653486749,0.0,2022,1,50.0
117,1.68253486749,0.0,2022,1,50.0
118,3.91053486749,0.0,2022,1,50.0
119,2.38453486749,0.0,2022,1,50.0
120,1.68753486749,1.0,2022,1,50.0
121,6.44553486749,0.0,2022,1,50.0
122,2.74753486749,0.0,2022,1,50.0
123,1.95753486749,0.0,2022,1,50.0
124,1.63053486749,0.0,2022,1,50.0
125,4.06153486749,1.0,2022,1,50.0
126,1.93853486749,0.0,2022,1,50.0
127,1.93653486749,0.0,2022,1,50.0
128,2.53753486749,1.0,2022,1,55.0
129,2.44653486749,1.0,2022,1,55.0
130,1.62853486749,1.0,2022,1,55.0
131,1.63053486749,1.0,2022,1,55.0
132,1.74853486749,0.0,2022,1,55.0
133,1.64353486749,1.0,2022,1,55.0
134,1.47153486749,0.0,2022,1,55.0
135,2.03653486749,1.0,2022,1,55.0
136,3.21753486749,0.0,2022,1,55.0
137,2.25253486749,0.0,2022,1,55.0
138,2.72653486749,1.0,2022,1,55.0
139,1.56953486749,1.0,2022,1,55.0
140,1.33053486749,0.0,2022,1,55.0
141,1.94653486749,1.0,2022,1,55.0
142,2.54053486749,1.0,2022,1,60.0
143,1.48053486749,1.0,2022,1,60.0
144,1.72253486749,1.0,2022,1,60.0
145,2.15853486749,1.0,2022,1,60.0
146,1.94853486749,1.0,2022,1,60.0
147,1.71553486749,1.0,2022,1,60.0
148,2.23853486749,1.0,2022,1,60.0
149,1.37853486749,1.0,2022,1,60.0
150,1.20053486749,1.0,2022,1,60.0
151,1.43653486749,1.0,2022,1,60.0
152,2.22653486749,1.0,2022,1,65.0
153,1.74453486749,1.0,2022,1,65.0
154,2.05453486749,1.0,2022,1,65.0
155,1.71053486749,1.0,2022,1,65.0
156,1.79453486749,1.0,2022,1,65.0
157,2.33353486749,1.0,2022,1,65.0
158,1.59953486749,1.0,2022,1,100.0
159,1.36853486749,1.0,2022,1,100.0
0,1.24765359834,0.0,2024,-1,0.0
1,0.936653598337,0.0,2024,-1,0.0
2,1.30765359834,0.0,2024,-1,35.0
3,1.11965359834,0.0,2024,-1,35.0
4,1.10465359834,0.0,2024,-1,35.0
5,1.35865359834,0.0,2024,-1,35.0
6,1.14865359834,0.0,2024,-1,35.0
7,0.810653598337,0.0,2024,-1,35.0
8,0.887653598337,0.0,2024,-1,40.0
9,1.08965359834,0.0,2024,-1,40.0
10,1.02165359834,0.0,2024,-1,40.0
11,1.02165359834,0.0,2024,-1,40.0
12,1.78065359834,0.0,2024,-1,40.0
13,1.60765359834,0.0,2024,-1,40.0
14,1.12765359834,0.0,2024,-1,40.0
15,1.05665359834,0.0,2024,-1,40.0
16,1.25165359834,0.0,2024,-1,40.0
17,0.880653598337,0.0,2024,-1,40.0
18,1.53465359834,1.0,2024,-1,45.0
19,3.04665359834,1.0,2024,-1,45.0
20,1.71565359834,0.0,2024,-1,45.0
21,1.11765359834,0.0,2024,-1,45.0
22,1.24265359834,0.0,2024,-1,45.0
23,3.02065359834,0.0,2024,-1,45.0
24,1.74465359834,0.0,2024,-1,45.0
25,1.03465359834,1.0,2024,-1,45.0
26,1.53865359834,0.0,2024,-1,45.0
27,0.785653598337,0.0,2024,-1,45.0
28,1.21665359834,0.0,2024,-1,45.0
29,1.48265359834,1.0,2024,-1,45.0
30,0.941653598337,0.0,2024,-1,45.0
31,1.35465359834,0.0,2024,-1,45.0
32,1.76265359834,1.0,2024,-1,50.0
33,1.84365359834,0.0,2024,-1,50.0
34,1.63865359834,0.0,2024,-1,50.0
35,1.53665359834,1.0,2024,-1,50.0
36,1.28165359834,0.0,2024,-1,50.0
37,1.33965359834,1.0,2024,-1,50.0
38,1.33065359834,1.0,2024,-1,50.0
39,6.34865359834,0.0,2024,-1,50.0
40,2.19265359834,1.0,2024,-1,50.0
41,0.993653598341,1.0,2024,-1,50.0
42,2.01165359834,0.0,2024,-1,50.0
43,0.925653598341,1.0,2024,-1,50.0
44,1.84665359834,1.0,2024,-1,50.0
45,1.01665359834,0.0,2024,-1,50.0
46,1.93465359834,1.0,2024,-1,50.0
47,1.81365359834,1.0,2024,-1,50.0
48,2.71165359834,1.0,2024,-1,55.0
49,1.32765359834,1.0,2024,-1,55.0
50,1.27765359834,1.0,2024,-1,55.0
51,1.88865359834,1.0,2024,-1,55.0
52,1.32165359834,1.0,2024,-1,55.0
53,3.24665359834,1.0,2024,-1,55.0
54,1.42665359834,1.0,2024,-1,55.0
55,1.21465359834,1.0,2024,-1,55.0
56,1.45465359834,1.0,2024,-1,55.0
57,1.65865359834,1.0,2024,-1,55.0
58,2.74565359834,1.0,2024,-1,55.0
59,4.56565359834,1.0,2024,-1,55.0
60,1.78665359834,1.0,2024,-1,55.0
61,1.78665359834,1.0,2024,-1,55.0
62,2.42565359834,1.0,2024,-1,60.0
63,1.81165359834,1.0,2024,-1,60.0
64,1.52765359834,1.0,2024,-1,60.0
65,2.11465359834,1.0,2024,-1,60.0
66,1.27865359834,1.0,2024,-1,60.0
67,1.43365359834,1.0,2024,-1,60.0
68,1.76965359834,0.0,2024,-1,60.0
69,1.08765359834,1.0,2024,-1,60.0
70,2.31265359834,1.0,2024,-1,60.0
71,0.887653598341,1.0,2024,-1,60.0
72,0.813653598341,1.0,2024,-1,65.0
73,1.32465359834,1.0,2024,-1,65.0
74,1.18765359834,1.0,2024,-1,65.0
75,1.31465359834,1.0,2024,-1,65.0
76,1.50865359834,1.0,2024,-1,65.0
77,0.928653598341,1.0,2024,-1,65.0
78,0.921653598341,1.0,2024,-1,100.0
79,1.03265359834,1.0,2024,-1,100.0
80,0.884653598337,0.0,2024,1,0.0
81,1.05365359834,0.0,2024,1,0.0
82,1.19665359834,0.0,2024,1,35.0
83,0.897653598337,0.0,2024,1,35.0
84,1.41565359834,0.0,2024,1,35.0
85,0.958653598337,0.0,2024,1,35.0
86,1.33865359834,0.0,2024,1,35.0
87,0.950653598337,0.0,2024,1,35.0
88,0.925653598337,0.0,2024,1,40.0
89,1.37965359834,0.0,2024,1,40.0
90,1.75965359834,0.0,2024,1,40.0
91,1.19065359834,0.0,2024,1,40.0
92,0.844653598337,0.0,2024,1,40.0
93,0.778653598337,0.0,2024,1,40.0
94,1.02965359834,0.0,2024,1,40.0
95,0.862653598337,0.0,2024,1,40.0
96,0.916653598337,0.0,2024,1,40.0
97,1.25865359834,0.0,2024,1,40.0
98,2.64865359834,1.0,2024,1,45.0
99,1.33165359834,0.0,2024,1,45.0
100,0.959653598337,0.0,2024,1,45.0
101,2.21965359834,0.0,2024,1,45.0
102,3.16565359834,1.0,2024,1,45.0
103,2.92065359834,1.0,2024,1,45.0
104,0.951653598337,0.0,2024,1,45.0
105,1.85165359834,0.0,2024,1,45.0
106,3.24565359834,0.0,2024,1,45.0
107,1.27165359834,0.0,2024,1,45.0
108,1.00265359834,1.0,2024,1,45.0
109,1.25865359834,1.0,2024,1,45.0
110,1.54365359834,1.0,2024,1,45.0
111,1.07465359834,0.0,2024,1,45.0
112,0.859653598337,0.0,2024,1,50.0
113,1.48065359834,1.0,2024,1,50.0
114,0.946653598341,1.0,2024,1,50.0
115,2.02665359834,0.0,2024,1,50.0
116,1.46165359834,1.0,2024,1,50.0
117,3.44465359834,1.0,2024,1,50.0
118,1.96165359834,0.0,2024,1,50.0
119,2.30365359834,1.0,2024,1,50.0
120,1.31465359834,0.0,2024,1,50.0
121,1.41365359834,1.0,2024,1,50.0
122,1.72165359834,0.0,2024,1,50.0
123,1.35665359834,0.0,2024,1,50.0
124,3.69265359834,0.0,2024,1,50.0
125,2.34465359834,0.0,2024,1,50.0
126,1.67865359834,1.0,2024,1,50.0
127,1.12965359834,1.0,2024,1,50.0
128,1.26765359834,1.0,2024,1,55.0
129,1.92765359834,1.0,2024,1,55.0
130,1.62665359834,1.0,2024,1,55.0
131,1.88365359834,1.0,2024,1,55.0
132,1.57265359834,1.0,2024,1,55.0
133,1.63165359834,1.0,2024,1,55.0
134,1.19265359834,1.0,2024,1,55.0
135,1.53765359834,1.0,2024,1,55.0
136,3.94865359834,1.0,2024,1,55.0
137,2.37965359834,1.0,2024,1,55.0
138,0.906653598341,1.0,2024,1,55.0
139,1.63065359834,1.0,2024,1,55.0
140,1.02165359834,1.0,2024,1,55.0
141,2.71765359834,1.0,2024,1,55.0
142,2.23965359834,1.0,2024,1,60.0
143,1.48565359834,1.0,2024,1,60.0
144,1.60865359834,1.0,2024,1,60.0
145,0.987653598341,1.0,2024,1,60.0
146,1.80565359834,1.0,2024,1,60.0
147,1.53665359834,1.0,2024,1,60.0
148,1.04165359834,1.0,2024,1,60.0
149,0.803653598341,1.0,2024,1,60.0
150,1.33865359834,1.0,2024,1,60.0
151,1.23265359834,1.0,2024,1,60.0
152,1.37165359834,1.0,2024,1,65.0
153,1.14965359834,1.0,2024,1,65.0
154,1.38865359834,1.0,2024,1,65.0
155,1.24565359834,1.0,2024,1,65.0
156,1.88065359834,1.0,2024,1,65.0
157,1.38065359834,1.0,2024,1,65.0
158,1.45865359834,1.0,2024,1,100.0
159,0.951653598341,1.0,2024,1,100.0
0,1.25728606616,0.0,2027,-1,0.0
1,0.810286066157,0.0,2027,-1,0.0
2,1.04828606616,0.0,2027,-1,35.0
3,0.789286066157,0.0,2027,-1,35.0
4,0.908286066157,0.0,2027,-1,35.0
5,0.912286066157,0.0,2027,-1,35.0
6,0.812286066157,0.0,2027,-1,35.0
7,0.911286066157,0.0,2027,-1,35.0
8,0.833286066157,0.0,2027,-1,40.0
9,1.16028606616,0.0,2027,-1,40.0
10,1.26728606616,0.0,2027,-1,40.0
11,1.45928606616,0.0,2027,-1,40.0
12,0.969286066157,0.0,2027,-1,40.0
13,0.909286066157,0.0,2027,-1,40.0
14,0.970286066157,0.0,2027,-1,40.0
15,0.850286066157,0.0,2027,-1,40.0
16,1.33928606616,0.0,2027,-1,40.0
17,1.28428606616,0.0,2027,-1,40.0
18,0.861286066161,1.0,2027,-1,45.0
19,1.63328606616,0.0,2027,-1,45.0
20,1.77128606616,0.0,2027,-1,45.0
21,1.30928606616,0.0,2027,-1,45.0
22,3.46528606616,0.0,2027,-1,45.0
23,1.10528606616,0.0,2027,-1,45.0
24,1.81228606616,0.0,2027,-1,45.0
25,1.02428606616,0.0,2027,-1,45.0
26,1.60328606616,0.0,2027,-1,45.0
27,1.12228606616,0.0,2027,-1,45.0
28,0.975286066157,0.0,2027,-1,45.0
29,1.43728606616,0.0,2027,-1,45.0
30,1.38728606616,0.0,2027,-1,45.0
31,2.07728606616,0.0,2027,-1,45.0
32,2.20728606616,1.0,2027,-1,50.0
33,1.30028606616,0.0,2027,-1,50.0
34,1.46228606616,1.0,2027,-1,50.0
35,1.31228606616,0.0,2027,-1,50.0
36,0.873286066157,0.0,2027,-1,50.0
37,2.49728606616,0.0,2027,-1,50.0
38,1.45328606616,1.0,2027,-1,50.0
39,2.06528606616,0.0,2027,-1,50.0
40,1.38128606616,1.0,2027,-1,50.0
41,1.38428606616,0.0,2027,-1,50.0
42,1.77528606616,1.0,2027,-1,50.0
43,1.32328606616,0.0,2027,-1,50.0
44,0.885286066157,0.0,2027,-1,50.0
45,1.22328606616,1.0,2027,-1,50.0
46,2.03228606616,1.0,2027,-1,50.0
47,1.37228606616,0.0,2027,-1,50.0
48,2.40528606616,1.0,2027,-1,55.0
49,3.06628606616,0.0,2027,-1,55.0
50,1.43228606616,0.0,2027,-1,55.0
51,1.78628606616,1.0,2027,-1,55.0
52,1.17528606616,1.0,2027,-1,55.0
53,1.25128606616,1.0,2027,-1,55.0
54,2.62928606616,1.0,2027,-1,55.0
55,1.80728606616,0.0,2027,-1,55.0
56,4.60728606616,1.0,2027,-1,55.0
57,0.799286066157,0.0,2027,-1,55.0
58,1.97328606616,1.0,2027,-1,55.0
59,1.24528606616,1.0,2027,-1,55.0
60,2.02428606616,0.0,2027,-1,55.0
61,1.28728606616,1.0,2027,-1,55.0
62,0.845286066157,0.0,2027,-1,60.0
63,1.05528606616,1.0,2027,-1,60.0
64,1.09728606616,1.0,2027,-1,60.0
65,1.15628606616,1.0,2027,-1,60.0
66,1.01728606616,1.0,2027,-1,60.0
67,1.72028606616,1.0,2027,-1,60.0
68,0.977286066161,1.0,2027,-1,60.0
69,1.03528606616,1.0,2027,-1,60.0
70,1.50028606616,1.0,2027,-1,60.0
71,0.971286066161,1.0,2027,-1,60.0
72,1.10928606616,1.0,2027,-1,65.0
73,1.43228606616,1.0,2027,-1,65.0
74,1.39628606616,1.0,2027,-1,65.0
75,1.39228606616,1.0,2027,-1,65.0
76,0.859286066161,1.0,2027,-1,65.0
77,0.809286066161,1.0,2027,-1,65.0
78,0.853286066161,1.0,2027,-1,100.0
79,0.889286066161,1.0,2027,-1,100.0
80,1.21028606616,0.0,2027,1,0.0
81,1.06928606616,0.0,2027,1,0.0
82,1.17828606616,0.0,2027,1,35.0
83,0.978286066157,0.0,2027,1,35.0
84,1.16528606616,0.0,2027,1,35.0
85,1.16628606616,0.0,2027,1,35.0
86,1.06828606616,0.0,2027,1,35.0
87,1.01228606616,0.0,2027,1,35.0
88,1.04828606616,0.0,2027,1,40.0
89,0.990286066157,0.0,2027,1,40.0
90,1.87928606616,0.0,2027,1,40.0
91,1.20428606616,0.0,2027,1,40.0
92,1.30028606616,0.0,2027,1,40.0
93,1.24528606616,0.0,2027,1,40.0
94,1.26028606616,0.0,2027,1,40.0
95,0.824286066157,0.0,2027,1,40.0
96,0.802286066157,0.0,2027,1,40.0
97,1.29528606616,0.0,2027,1,40.0
98,1.68428606616,1.0,2027,1,45.0
99,1.02928606616,1.0,2027,1,45.0
100,1.60528606616,0.0,2027,1,45.0
101,1.05228606616,0.0,2027,1,45.0
102,1.81328606616,0.0,2027,1,45.0
103,0.965286066161,1.0,2027,1,45.0
104,0.893286066157,0.0,2027,1,45.0
105,1.31928606616,0.0,2027,1,45.0
106,1.28728606616,0.0,2027,1,45.0
107,1.64828606616,0.0,2027,1,45.0
108,0.848286066161,1.0,2027,1,45.0
109,0.780286066161,1.0,2027,1,45.0
110,1.13028606616,0.0,2027,1,45.0
111,1.17028606616,0.0,2027,1,45.0
112,1.84128606616,1.0,2027,1,50.0
113,1.88628606616,1.0,2027,1,50.0
114,2.31628606616,1.0,2027,1,50.0
115,1.85828606616,1.0,2027,1,50.0
116,2.15928606616,1.0,2027,1,50.0
117,1.60128606616,0.0,2027,1,50.0
118,0.876286066161,1.0,2027,1,50.0
119,0.891286066161,1.0,2027,1,50.0
120,0.816286066161,1.0,2027,1,50.0
121,1.90128606616,1.0,2027,1,50.0
122,1.19828606616,1.0,2027,1,50.0
123,2.78428606616,1.0,2027,1,50.0
124,1.05128606616,1.0,2027,1,50.0
125,2.21428606616,1.0,2027,1,50.0
126,1.29728606616,0.0,2027,1,50.0
127,1.51128606616,1.0,2027,1,50.0
128,1.10528606616,1.0,2027,1,55.0
129,2.05828606616,1.0,2027,1,55.0
130,1.31028606616,1.0,2027,1,55.0
131,0.905286066161,1.0,2027,1,55.0
132,2.88328606616,0.0,2027,1,55.0
133,0.898286066161,1.0,2027,1,55.0
134,1.73228606616,0.0,2027,1,55.0
135,1.13228606616,1.0,2027,1,55.0
136,1.00128606616,1.0,2027,1,55.0
137,0.921286066161,1.0,2027,1,55.0
138,1.43228606616,1.0,2027,1,55.0
139,1.29628606616,1.0,2027,1,55.0
140,1.61228606616,0.0,2027,1,55.0
141,1.46328606616,1.0,2027,1,55.0
142,0.859286066161,1.0,2027,1,60.0
143,0.912286066161,1.0,2027,1,60.0
144,0.843286066161,1.0,2027,1,60.0
145,0.990286066161,1.0,2027,1,60.0
146,0.916286066161,1.0,2027,1,60.0
147,1.11328606616,1.0,2027,1,60.0
148,1.15728606616,1.0,2027,1,60.0
149,1.10628606616,1.0,2027,1,60.0
150,0.998286066161,1.0,2027,1,60.0
151,1.12328606616,0.0,2027,1,60.0
152,1.27128606616,1.0,2027,1,65.0
153,1.03628606616,1.0,2027,1,65.0
154,0.764286066161,1.0,2027,1,65.0
155,0.838286066161,1.0,2027,1,65.0
156,0.815286066161,1.0,2027,1,65.0
157,0.855286066161,1.0,2027,1,65.0
158,0.992286066161,1.0,2027,1,100.0
159,0.896286066161,1.0,2027,1,100.0
0,0.919723852351,0.0,2028,-1,0.0
1,0.793723852351,0.0,2028,-1,0.0
2,0.874723852351,0.0,2028,-1,35.0
3,1.26872385235,0.0,2028,-1,35.0
4,1.00472385235,0.0,2028,-1,35.0
5,1.25772385235,0.0,2028,-1,35.0
6,1.01072385235,0.0,2028,-1,35.0
7,0.971723852351,0.0,2028,-1,35.0
8,1.29372385235,0.0,2028,-1,40.0
9,1.84672385235,0.0,2028,-1,40.0
10,1.01772385235,0.0,2028,-1,40.0
11,1.36372385235,0.0,2028,-1,40.0
12,1.02872385235,0.0,2028,-1,40.0
13,0.914723852351,0.0,2028,-1,40.0
14,2.30772385235,0.0,2028,-1,40.0
15,1.30472385235,0.0,2028,-1,40.0
16,1.38572385235,0.0,2028,-1,40.0
17,1.04672385235,0.0,2028,-1,40.0
18,1.72972385235,0.0,2028,-1,45.0
19,2.02572385236,1.0,2028,-1,45.0
20,2.54672385235,0.0,2028,-1,45.0
21,1.28072385235,0.0,2028,-1,45.0
22,1.87572385235,0.0,2028,-1,45.0
23,1.29872385235,0.0,2028,-1,45.0
24,2.19972385236,1.0,2028,-1,45.0
25,1.53172385235,0.0,2028,-1,45.0
26,1.44072385236,1.0,2028,-1,45.0
27,2.01372385235,0.0,2028,-1,45.0
28,1.56572385235,0.0,2028,-1,45.0
29,1.49672385236,1.0,2028,-1,45.0
30,2.55472385235,0.0,2028,-1,45.0
31,3.64672385235,0.0,2028,-1,45.0
32,1.94672385236,1.0,2028,-1,50.0
33,3.06172385235,0.0,2028,-1,50.0
34,2.26272385236,1.0,2028,-1,50.0
35,1.58572385236,1.0,2028,-1,50.0
36,3.90172385235,0.0,2028,-1,50.0
37,1.62372385236,1.0,2028,-1,50.0
38,4.06372385235,0.0,2028,-1,50.0
39,1.83872385235,0.0,2028,-1,50.0
40,6.63072385236,1.0,2028,-1,50.0
41,2.99472385236,1.0,2028,-1,50.0
42,1.76972385235,0.0,2028,-1,50.0
43,1.26972385236,1.0,2028,-1,50.0
44,1.08972385235,0.0,2028,-1,50.0
45,2.14672385236,1.0,2028,-1,50.0
46,1.51472385235,0.0,2028,-1,50.0
47,1.68472385236,1.0,2028,-1,50.0
48,1.36072385236,1.0,2028,-1,55.0
49,1.16672385236,1.0,2028,-1,55.0
50,1.22372385236,1.0,2028,-1,55.0
51,2.28272385236,1.0,2028,-1,55.0
52,1.39172385236,1.0,2028,-1,55.0
53,2.45972385236,1.0,2028,-1,55.0
54,2.46172385236,1.0,2028,-1,55.0
55,0.811723852355,1.0,2028,-1,55.0
56,0.885723852355,1.0,2028,-1,55.0
57,1.72472385236,1.0,2028,-1,55.0
58,1.61672385236,1.0,2028,-1,55.0
59,3.29772385236,1.0,2028,-1,55.0
60,1.54472385236,1.0,2028,-1,55.0
61,1.09472385235,0.0,2028,-1,55.0
62,1.27672385236,1.0,2028,-1,60.0
63,1.28972385236,1.0,2028,-1,60.0
64,1.35972385236,1.0,2028,-1,60.0
65,1.51872385236,1.0,2028,-1,60.0
66,0.971723852355,1.0,2028,-1,60.0
67,4.20172385236,1.0,2028,-1,60.0
68,1.74572385236,1.0,2028,-1,60.0
69,1.16072385236,1.0,2028,-1,60.0
70,1.38672385236,1.0,2028,-1,60.0
71,1.62372385236,1.0,2028,-1,60.0
72,1.10872385236,1.0,2028,-1,65.0
73,1.31372385236,1.0,2028,-1,65.0
74,1.47272385236,1.0,2028,-1,65.0
75,1.27972385236,1.0,2028,-1,65.0
76,0.861723852355,1.0,2028,-1,65.0
77,0.999723852355,1.0,2028,-1,65.0
78,0.815723852355,1.0,2028,-1,100.0
79,0.841723852355,1.0,2028,-1,100.0
80,0.984723852351,0.0,2028,1,0.0
81,0.983723852351,0.0,2028,1,0.0
82,0.902723852351,0.0,2028,1,35.0
83,1.18172385235,0.0,2028,1,35.0
84,1.42772385235,0.0,2028,1,35.0
85,1.02072385235,0.0,2028,1,35.0
86,2.82272385235,0.0,2028,1,35.0
87,0.948723852351,0.0,2028,1,35.0
88,1.28872385236,1.0,2028,1,40.0
89,1.44472385235,0.0,2028,1,40.0
90,1.35772385235,0.0,2028,1,40.0
91,1.51272385235,0.0,2028,1,40.0
92,1.68572385236,1.0,2028,1,40.0
93,1.28472385235,0.0,2028,1,40.0
94,2.15672385235,0.0,2028,1,40.0
95,1.15572385236,1.0,2028,1,40.0
96,1.03772385235,0.0,2028,1,40.0
97,1.44372385235,0.0,2028,1,40.0
98,1.41872385235,0.0,2028,1,45.0
99,5.70272385236,1.0,2028,1,45.0
100,0.988723852351,0.0,2028,1,45.0
101,3.53572385235,0.0,2028,1,45.0
102,3.00172385235,0.0,2028,1,45.0
103,4.17872385235,0.0,2028,1,45.0
104,3.75172385236,1.0,2028,1,45.0
105,2.42972385236,1.0,2028,1,45.0
106,2.76372385235,0.0,2028,1,45.0
107,2.17072385235,0.0,2028,1,45.0
108,4.50172385235,0.0,2028,1,45.0
109,1.86572385235,0.0,2028,1,45.0
110,1.11772385235,0.0,2028,1,45.0
111,2.08072385235,0.0,2028,1,45.0
112,1.02272385236,1.0,2028,1,50.0
113,0.830723852355,1.0,2028,1,50.0
114,0.978723852355,1.0,2028,1,50.0
115,0.894723852355,1.0,2028,1,50.0
116,1.45972385236,1.0,2028,1,50.0
117,1.07572385236,1.0,2028,1,50.0
118,1.62472385235,0.0,2028,1,50.0
119,2.20572385236,1.0,2028,1,50.0
120,5.19372385236,1.0,2028,1,50.0
121,1.63572385236,1.0,2028,1,50.0
122,1.16172385236,1.0,2028,1,50.0
123,2.16672385236,1.0,2028,1,50.0
124,1.36872385236,1.0,2028,1,50.0
125,0.804723852355,1.0,2028,1,50.0
126,1.35072385235,0.0,2028,1,50.0
127,1.39772385236,1.0,2028,1,50.0
128,0.757723852355,1.0,2028,1,55.0
129,0.887723852355,1.0,2028,1,55.0
130,5.71872385236,1.0,2028,1,55.0
131,1.45672385236,1.0,2028,1,55.0
132,3.16872385236,1.0,2028,1,55.0
133,1.04172385236,1.0,2028,1,55.0
134,1.16272385236,1.0,2028,1,55.0
135,2.41172385236,1.0,2028,1,55.0
136,0.899723852355,1.0,2028,1,55.0
137,0.949723852355,1.0,2028,1,55.0
138,1.24272385236,1.0,2028,1,55.0
139,0.811723852355,1.0,2028,1,55.0
140,2.87872385236,1.0,2028,1,55.0
141,1.98572385236,1.0,2028,1,55.0
142,2.00872385236,1.0,2028,1,60.0
143,1.20672385236,1.0,2028,1,60.0
144,1.06772385236,1.0,2028,1,60.0
145,0.869723852355,1.0,2028,1,60.0
146,1.07772385236,1.0,2028,1,60.0
147,2.03872385236,1.0,2028,1,60.0
148,0.903723852355,1.0,2028,1,60.0
149,1.35172385236,1.0,2028,1,60.0
150,0.741723852355,1.0,2028,1,60.0
151,0.810723852355,1.0,2028,1,60.0
152,0.994723852355,1.0,2028,1,65.0
153,1.34772385236,1.0,2028,1,65.0
154,1.63972385236,1.0,2028,1,65.0
155,0.748723852355,1.0,2028,1,65.0
156,0.849723852355,1.0,2028,1,65.0
157,0.917723852355,1.0,2028,1,65.0
158,0.813723852355,1.0,2028,1,100.0
159,1.70172385236,1.0,2028,1,100.0
0,1.04999680928,0.0,2029,-1,0.0
1,1.28199680928,0.0,2029,-1,0.0
2,1.44599680928,0.0,2029,-1,35.0
3,1.15099680928,0.0,2029,-1,35.0
4,0.944996809275,0.0,2029,-1,35.0
5,1.28499680928,0.0,2029,-1,35.0
6,1.18199680928,0.0,2029,-1,35.0
7,1.24299680928,0.0,2029,-1,35.0
8,0.934996809275,0.0,2029,-1,40.0
9,1.40299680928,0.0,2029,-1,40.0
10,1.31499680928,0.0,2029,-1,40.0
11,1.66499680928,0.0,2029,-1,40.0
12,1.01199680928,0.0,2029,-1,40.0
13,1.34699680928,0.0,2029,-1,40.0
14,1.10099680928,0.0,2029,-1,40.0
15,1.08199680928,0.0,2029,-1,40.0
16,1.05899680928,0.0,2029,-1,40.0
17,1.44599680928,0.0,2029,-1,40.0
18,1.72499680928,0.0,2029,-1,45.0
19,1.27999680928,0.0,2029,-1,45.0
20,2.12399680928,0.0,2029,-1,45.0
21,2.61299680928,0.0,2029,-1,45.0
22,1.40999680928,0.0,2029,-1,45.0
23,1.04499680928,0.0,2029,-1,45.0
24,1.41999680928,0.0,2029,-1,45.0
25,1.20199680928,0.0,2029,-1,45.0
26,1.53499680928,0.0,2029,-1,45.0
27,1.60399680928,0.0,2029,-1,45.0
28,1.33099680928,0.0,2029,-1,45.0
29,1.03599680928,0.0,2029,-1,45.0
30,1.67999680928,0.0,2029,-1,45.0
31,1.61399680928,0.0,2029,-1,45.0
32,2.65799680928,1.0,2029,-1,50.0
33,1.39899680928,1.0,2029,-1,50.0
34,3.37899680928,0.0,2029,-1,50.0
35,1.34799680928,0.0,2029,-1,50.0
36,2.67299680928,1.0,2029,-1,50.0
37,2.17499680928,0.0,2029,-1,50.0
38,2.65799680928,1.0,2029,-1,50.0
39,2.46799680928,1.0,2029,-1,50.0
40,1.20199680928,1.0,2029,-1,50.0
41,1.97099680928,0.0,2029,-1,50.0
42,3.46699680928,0.0,2029,-1,50.0
43,1.70299680928,0.0,2029,-1,50.0
44,1.65799680928,0.0,2029,-1,50.0
45,1.22599680928,1.0,2029,-1,50.0
46,1.43599680928,1.0,2029,-1,50.0
47,1.31399680928,0.0,2029,-1,50.0
48,1.69399680928,1.0,2029,-1,55.0
49,2.34599680928,1.0,2029,-1,55.0
50,1.31899680928,1.0,2029,-1,55.0
51,1.75299680928,1.0,2029,-1,55.0
52,1.23699680928,1.0,2029,-1,55.0
53,1.72599680928,1.0,2029,-1,55.0
54,2.52299680928,1.0,2029,-1,55.0
55,1.08799680928,1.0,2029,-1,55.0
56,1.75199680928,1.0,2029,-1,55.0
57,1.54499680928,1.0,2029,-1,55.0
58,2.45399680928,1.0,2029,-1,55.0
59,2.30699680928,1.0,2029,-1,55.0
60,2.56999680928,1.0,2029,-1,55.0
61,6.18999680928,0.0,2029,-1,55.0
62,1.20199680928,1.0,2029,-1,60.0
63,1.42799680928,1.0,2029,-1,60.0
64,2.21599680928,1.0,2029,-1,60.0
65,1.21899680928,1.0,2029,-1,60.0
66,1.21999680928,1.0,2029,-1,60.0
67,1.44799680928,1.0,2029,-1,60.0
68,1.54099680928,1.0,2029,-1,60.0
69,2.34599680928,1.0,2029,-1,60.0
70,2.99899680928,1.0,2029,-1,60.0
71,1.17199680928,1.0,2029,-1,60.0
72,1.51299680928,1.0,2029,-1,65.0
73,1.76799680928,1.0,2029,-1,65.0
74,1.50399680928,1.0,2029,-1,65.0
75,0.981996809279,1.0,2029,-1,65.0
76,2.24099680928,1.0,2029,-1,65.0
77,0.970996809279,1.0,2029,-1,65.0
78,1.39499680928,1.0,2029,-1,100.0
79,1.20699680928,1.0,2029,-1,100.0
80,1.60199680928,0.0,2029,1,0.0
81,1.35799680928,0.0,2029,1,0.0
82,1.29999680928,0.0,2029,1,35.0
83,1.11799680928,0.0,2029,1,35.0
84,1.58399680928,0.0,2029,1,35.0
85,1.46499680928,0.0,2029,1,35.0
86,1.11699680928,0.0,2029,1,35.0
87,1.17699680928,0.0,2029,1,35.0
88,1.32999680928,0.0,2029,1,40.0
89,1.68199680928,0.0,2029,1,40.0
90,1.16899680928,0.0,2029,1,40.0
91,1.21099680928,0.0,2029,1,40.0
92,1.85199680928,0.0,2029,1,40.0
93,1.86199680928,0.0,2029,1,40.0
94,1.21099680928,0.0,2029,1,40.0
95,1.98699680928,0.0,2029,1,40.0
96,1.85899680928,0.0,2029,1,40.0
97,1.16599680928,0.0,2029,1,40.0
98,2.49999680928,0.0,2029,1,45.0
99,1.78499680928,1.0,2029,1,45.0
100,1.01199680928,0.0,2029,1,45.0
101,1.28899680928,0.0,2029,1,45.0
102,1.90299680928,0.0,2029,1,45.0
103,1.87499680928,0.0,2029,1,45.0
104,1.60599680928,0.0,2029,1,45.0
105,1.18699680928,0.0,2029,1,45.0
106,0.944996809275,0.0,2029,1,45.0
107,2.29699680928,0.0,2029,1,45.0
108,1.59599680928,1.0,2029,1,45.0
109,1.13199680928,0.0,2029,1,45.0
110,2.04199680928,0.0,2029,1,45.0
111,1.27299680928,0.0,2029,1,45.0
112,2.80799680928,0.0,2029,1,50.0
113,1.74599680928,0.0,2029,1,50.0
114,1.60499680928,1.0,2029,1,50.0
115,2.12799680928,0.0,2029,1,50.0
116,1.40499680928,1.0,2029,1,50.0
117,1.46599680928,0.0,2029,1,50.0
118,2.63599680928,0.0,2029,1,50.0
119,1.31499680928,0.0,2029,1,50.0
120,2.35399680928,1.0,2029,1,50.0
121,1.15399680928,0.0,2029,1,50.0
122,1.07899680928,0.0,2029,1,50.0
123,2.26399680928,0.0,2029,1,50.0
124,1.24599680928,0.0,2029,1,50.0
125,3.13099680928,0.0,2029,1,50.0
126,1.17499680928,0.0,2029,1,50.0
127,1.42799680928,1.0,2029,1,50.0
128,1.66499680928,1.0,2029,1,55.0
129,1.14699680928,1.0,2029,1,55.0
130,1.55699680928,0.0,2029,1,55.0
131,2.13399680928,0.0,2029,1,55.0
132,2.26799680928,1.0,2029,1,55.0
133,1.39699680928,1.0,2029,1,55.0
134,4.51299680928,1.0,2029,1,55.0
135,1.24699680928,0.0,2029,1,55.0
136,1.52399680928,1.0,2029,1,55.0
137,1.20099680928,0.0,2029,1,55.0
138,1.61599680928,1.0,2029,1,55.0
139,2.15399680928,1.0,2029,1,55.0
140,1.05699680928,0.0,2029,1,55.0
141,1.55599680928,0.0,2029,1,55.0
142,1.16499680928,1.0,2029,1,60.0
143,1.37599680928,1.0,2029,1,60.0
144,1.13299680928,1.0,2029,1,60.0
145,1.85399680928,1.0,2029,1,60.0
146,1.44999680928,1.0,2029,1,60.0
147,1.14899680928,1.0,2029,1,60.0
148,1.49499680928,1.0,2029,1,60.0
149,1.27599680928,0.0,2029,1,60.0
150,1.09899680928,1.0,2029,1,60.0
151,1.28899680928,1.0,2029,1,60.0
152,1.28799680928,1.0,2029,1,65.0
153,1.14499680928,1.0,2029,1,65.0
154,1.54499680928,1.0,2029,1,65.0
155,3.49899680928,1.0,2029,1,65.0
156,1.39799680928,1.0,2029,1,65.0
157,1.57399680928,1.0,2029,1,65.0
158,1.35999680928,1.0,2029,1,100.0
159,1.41599680928,1.0,2029,1,100.0
0,1.74880568721,0.0,2030,-1,0.0
1,1.26780568721,0.0,2030,-1,0.0
2,1.22980568721,0.0,2030,-1,35.0
3,1.02480568721,0.0,2030,-1,35.0
4,1.37280568721,0.0,2030,-1,35.0
5,1.04480568721,0.0,2030,-1,35.0
6,1.46780568721,0.0,2030,-1,35.0
7,0.955805687214,0.0,2030,-1,35.0
8,1.11880568721,0.0,2030,-1,40.0
9,1.43580568721,0.0,2030,-1,40.0
10,1.55280568721,0.0,2030,-1,40.0
11,1.11480568721,0.0,2030,-1,40.0
12,0.972805687214,0.0,2030,-1,40.0
13,2.39580568721,0.0,2030,-1,40.0
14,1.14880568721,0.0,2030,-1,40.0
15,0.981805687214,0.0,2030,-1,40.0
16,1.19280568721,0.0,2030,-1,40.0
17,1.41380568721,0.0,2030,-1,40.0
18,2.50980568721,0.0,2030,-1,45.0
19,1.46080568722,1.0,2030,-1,45.0
20,3.70280568721,0.0,2030,-1,45.0
21,1.37280568721,0.0,2030,-1,45.0
22,1.36080568721,0.0,2030,-1,45.0
23,2.76780568721,0.0,2030,-1,45.0
24,1.02480568721,0.0,2030,-1,45.0
25,1.53780568721,0.0,2030,-1,45.0
26,1.27480568721,0.0,2030,-1,45.0
27,0.981805687214,0.0,2030,-1,45.0
28,1.70080568721,0.0,2030,-1,45.0
29,1.18880568721,0.0,2030,-1,45.0
30,1.26580568721,0.0,2030,-1,45.0
31,1.36080568721,0.0,2030,-1,45.0
32,1.55180568721,0.0,2030,-1,50.0
33,1.33280568722,1.0,2030,-1,50.0
34,2.74180568722,1.0,2030,-1,50.0
35,3.29780568722,1.0,2030,-1,50.0
36,0.972805687218,1.0,2030,-1,50.0
37,2.71280568722,1.0,2030,-1,50.0
38,1.68780568722,1.0,2030,-1,50.0
39,1.88880568722,1.0,2030,-1,50.0
40,1.31380568722,1.0,2030,-1,50.0
41,0.929805687218,1.0,2030,-1,50.0
42,1.83080568722,1.0,2030,-1,50.0
43,0.976805687214,0.0,2030,-1,50.0
44,1.02880568721,0.0,2030,-1,50.0
45,3.29380568721,0.0,2030,-1,50.0
46,1.22080568722,1.0,2030,-1,50.0
47,2.63680568722,1.0,2030,-1,50.0
48,1.09580568722,1.0,2030,-1,55.0
49,2.06480568722,1.0,2030,-1,55.0
50,1.17080568722,1.0,2030,-1,55.0
51,2.35480568722,1.0,2030,-1,55.0
52,1.30080568722,1.0,2030,-1,55.0
53,1.45480568722,1.0,2030,-1,55.0
54,0.980805687214,0.0,2030,-1,55.0
55,1.80480568722,1.0,2030,-1,55.0
56,1.93980568722,1.0,2030,-1,55.0
57,1.35480568722,1.0,2030,-1,55.0
58,1.05580568722,1.0,2030,-1,55.0
59,2.16980568721,0.0,2030,-1,55.0
60,1.96180568722,1.0,2030,-1,55.0
61,3.08180568722,1.0,2030,-1,55.0
62,1.55280568722,1.0,2030,-1,60.0
63,1.19880568722,1.0,2030,-1,60.0
64,1.21180568722,1.0,2030,-1,60.0
65,1.36180568722,1.0,2030,-1,60.0
66,1.43280568722,1.0,2030,-1,60.0
67,1.80480568722,1.0,2030,-1,60.0
68,0.950805687218,1.0,2030,-1,60.0
69,1.53480568722,1.0,2030,-1,60.0
70,1.43680568722,1.0,2030,-1,60.0
71,1.05780568722,1.0,2030,-1,60.0
72,1.15580568722,1.0,2030,-1,65.0
73,1.23480568722,1.0,2030,-1,65.0
74,1.38680568722,1.0,2030,-1,65.0
75,1.48080568722,1.0,2030,-1,65.0
76,1.35980568722,1.0,2030,-1,65.0
77,1.64080568722,1.0,2030,-1,65.0
78,1.23580568722,1.0,2030,-1,100.0
79,1.52280568722,1.0,2030,-1,100.0
80,2.20180568721,0.0,2030,1,0.0
81,1.53080568721,0.0,2030,1,0.0
82,1.42580568721,0.0,2030,1,35.0
83,1.11880568721,0.0,2030,1,35.0
84,1.08580568721,0.0,2030,1,35.0
85,1.00080568721,0.0,2030,1,35.0
86,1.21280568721,0.0,2030,1,35.0
87,1.38480568721,0.0,2030,1,35.0
88,1.91980568721,0.0,2030,1,40.0
89,1.12580568721,0.0,2030,1,40.0
90,0.997805687214,0.0,2030,1,40.0
91,1.35280568721,0.0,2030,1,40.0
92,1.28880568721,0.0,2030,1,40.0
93,1.39280568721,0.0,2030,1,40.0
94,1.28480568721,0.0,2030,1,40.0
95,1.19280568721,0.0,2030,1,40.0
96,1.57280568721,0.0,2030,1,40.0
97,0.959805687214,0.0,2030,1,40.0
98,1.42780568721,0.0,2030,1,45.0
99,2.23180568721,0.0,2030,1,45.0
100,1.46980568721,0.0,2030,1,45.0
101,2.15680568721,0.0,2030,1,45.0
102,1.59780568721,0.0,2030,1,45.0
103,1.40180568722,1.0,2030,1,45.0
104,1.53080568722,1.0,2030,1,45.0
105,1.34980568721,0.0,2030,1,45.0
106,1.29580568721,0.0,2030,1,45.0
107,1.33780568721,0.0,2030,1,45.0
108,3.29080568721,0.0,2030,1,45.0
109,2.84480568721,0.0,2030,1,45.0
110,2.22980568722,1.0,2030,1,45.0
111,0.947805687214,0.0,2030,1,45.0
112,2.00080568721,0.0,2030,1,50.0
113,1.47580568721,0.0,2030,1,50.0
114,1.04080568722,1.0,2030,1,50.0
115,1.72880568722,1.0,2030,1,50.0
116,2.24780568721,0.0,2030,1,50.0
117,3.92080568722,0.0,2030,1,50.0
118,1.10880568722,1.0,2030,1,50.0
119,2.71480568722,1.0,2030,1,50.0
120,1.09980568722,1.0,2030,1,50.0
121,1.47480568722,1.0,2030,1,50.0
122,1.79880568722,1.0,2030,1,50.0
123,1.19580568721,0.0,2030,1,50.0
124,1.74980568722,1.0,2030,1,50.0
125,1.30780568721,0.0,2030,1,50.0
126,1.78180568722,1.0,2030,1,50.0
127,5.10480568722,1.0,2030,1,50.0
128,2.47780568722,1.0,2030,1,55.0
129,1.01680568722,1.0,2030,1,55.0
130,2.09380568721,0.0,2030,1,55.0
131,3.76780568722,1.0,2030,1,55.0
132,0.973805687218,1.0,2030,1,55.0
133,4.19880568722,1.0,2030,1,55.0
134,1.08080568722,1.0,2030,1,55.0
135,1.78280568721,0.0,2030,1,55.0
136,2.12180568722,1.0,2030,1,55.0
137,1.91480568722,1.0,2030,1,55.0
138,1.03780568721,0.0,2030,1,55.0
139,1.39880568722,1.0,2030,1,55.0
140,1.21580568722,1.0,2030,1,55.0
141,1.65480568722,1.0,2030,1,55.0
142,1.07580568722,1.0,2030,1,60.0
143,0.920805687218,1.0,2030,1,60.0
144,1.48980568722,1.0,2030,1,60.0
145,2.96480568722,1.0,2030,1,60.0
146,1.27680568722,1.0,2030,1,60.0
147,1.85180568722,1.0,2030,1,60.0
148,1.57380568722,1.0,2030,1,60.0
149,1.33480568722,1.0,2030,1,60.0
150,1.48380568722,1.0,2030,1,60.0
151,1.12880568722,1.0,2030,1,60.0
152,1.55080568722,1.0,2030,1,65.0
153,1.08380568722,1.0,2030,1,65.0
154,0.978805687218,1.0,2030,1,65.0
155,1.56780568722,1.0,2030,1,65.0
156,0.919805687218,1.0,2030,1,65.0
157,1.21580568722,1.0,2030,1,65.0
158,1.18380568722,1.0,2030,1,100.0
159,1.62280568722,1.0,2030,1,100.0
0,0.91070087492,0.0,2031,-1,0.0
1,0.98070087492,0.0,2031,-1,0.0
2,1.25670087492,0.0,2031,-1,35.0
3,0.882700874924,1.0,2031,-1,35.0
4,1.10470087492,0.0,2031,-1,35.0
5,0.88570087492,0.0,2031,-1,35.0
6,1.64570087492,0.0,2031,-1,35.0
7,1.30670087492,0.0,2031,-1,35.0
8,1.88370087492,0.0,2031,-1,40.0
9,1.26170087492,0.0,2031,-1,40.0
10,1.33770087492,0.0,2031,-1,40.0
11,1.20070087492,0.0,2031,-1,40.0
12,1.08270087492,0.0,2031,-1,40.0
13,0.81370087492,0.0,2031,-1,40.0
14,0.80370087492,0.0,2031,-1,40.0
15,0.95970087492,0.0,2031,-1,40.0
16,0.91170087492,0.0,2031,-1,40.0
17,1.05470087492,0.0,2031,-1,40.0
18,1.90470087492,0.0,2031,-1,45.0
19,0.867700874924,1.0,2031,-1,45.0
20,1.36670087492,1.0,2031,-1,45.0
21,0.950700874924,1.0,2031,-1,45.0
22,0.98770087492,0.0,2031,-1,45.0
23,1.53870087492,1.0,2031,-1,45.0
24,1.19470087492,0.0,2031,-1,45.0
25,1.79070087492,0.0,2031,-1,45.0
26,0.92270087492,0.0,2031,-1,45.0
27,1.79670087492,1.0,2031,-1,45.0
28,1.83270087492,1.0,2031,-1,45.0
29,2.06370087492,0.0,2031,-1,45.0
30,2.97670087492,0.0,2031,-1,45.0
31,1.13870087492,0.0,2031,-1,45.0
32,2.24770087492,1.0,2031,-1,50.0
33,1.41170087492,1.0,2031,-1,50.0
34,1.08270087492,1.0,2031,-1,50.0
35,1.21770087492,0.0,2031,-1,50.0
36,1.82670087492,1.0,2031,-1,50.0
37,0.869700874924,1.0,2031,-1,50.0
38,1.65870087492,0.0,2031,-1,50.0
39,1.30570087492,1.0,2031,-1,50.0
40,0.937700874924,1.0,2031,-1,50.0
41,1.48370087492,0.0,2031,-1,50.0
42,1.08070087492,0.0,2031,-1,50.0
43,1.36170087492,0.0,2031,-1,50.0
44,0.86970087492,0.0,2031,-1,50.0
45,1.28870087492,1.0,2031,-1,50.0
46,1.09370087492,1.0,2031,-1,50.0
47,1.42770087492,1.0,2031,-1,50.0
48,1.25370087492,1.0,2031,-1,55.0
49,1.00070087492,1.0,2031,-1,55.0
50,0.933700874924,1.0,2031,-1,55.0
51,1.74370087492,1.0,2031,-1,55.0
52,0.848700874924,1.0,2031,-1,55.0
53,1.24470087492,1.0,2031,-1,55.0
54,0.951700874924,1.0,2031,-1,55.0
55,1.14470087492,1.0,2031,-1,55.0
56,0.910700874924,1.0,2031,-1,55.0
57,1.86270087492,1.0,2031,-1,55.0
58,0.983700874924,1.0,2031,-1,55.0
59,1.12670087492,1.0,2031,-1,55.0
60,0.876700874924,1.0,2031,-1,55.0
61,0.884700874924,1.0,2031,-1,55.0
62,0.988700874924,1.0,2031,-1,60.0
63,1.50470087492,1.0,2031,-1,60.0
64,1.01670087492,1.0,2031,-1,60.0
65,0.858700874924,1.0,2031,-1,60.0
66,0.918700874924,1.0,2031,-1,60.0
67,1.09170087492,1.0,2031,-1,60.0
68,1.77370087492,1.0,2031,-1,60.0
69,1.04870087492,1.0,2031,-1,60.0
70,0.935700874924,1.0,2031,-1,60.0
71,1.50270087492,1.0,2031,-1,60.0
72,0.926700874924,1.0,2031,-1,65.0
73,0.797700874924,1.0,2031,-1,65.0
74,0.975700874924,1.0,2031,-1,65.0
75,1.15370087492,1.0,2031,-1,65.0
76,0.854700874924,1.0,2031,-1,65.0
77,1.07670087492,1.0,2031,-1,65.0
78,1.09670087492,1.0,2031,-1,100.0
79,1.46170087492,1.0,2031,-1,100.0
80,0.92870087492,0.0,2031,1,0.0
81,1.48170087492,0.0,2031,1,0.0
82,0.93270087492,0.0,2031,1,35.0
83,0.76070087492,0.0,2031,1,35.0
84,0.85970087492,0.0,2031,1,35.0
85,1.41570087492,0.0,2031,1,35.0
86,1.02170087492,0.0,2031,1,35.0
87,0.80670087492,0.0,2031,1,35.0
88,1.06470087492,0.0,2031,1,40.0
89,1.35370087492,0.0,2031,1,40.0
90,1.60870087492,1.0,2031,1,40.0
91,2.01670087492,0.0,2031,1,40.0
92,0.78870087492,0.0,2031,1,40.0
93,1.95770087492,0.0,2031,1,40.0
94,0.83470087492,0.0,2031,1,40.0
95,1.98570087492,1.0,2031,1,40.0
96,1.13570087492,0.0,2031,1,40.0
97,1.48370087492,0.0,2031,1,40.0
98,1.37270087492,0.0,2031,1,45.0
99,0.968700874924,1.0,2031,1,45.0
100,1.05570087492,0.0,2031,1,45.0
101,2.44670087492,0.0,2031,1,45.0
102,1.51370087492,1.0,2031,1,45.0
103,1.68970087492,0.0,2031,1,45.0
104,0.965700874924,1.0,2031,1,45.0
105,2.30670087492,0.0,2031,1,45.0
106,1.26670087492,1.0,2031,1,45.0
107,0.96270087492,0.0,2031,1,45.0
108,0.87270087492,0.0,2031,1,45.0
109,0.727700874924,1.0,2031,1,45.0
110,1.73970087492,0.0,2031,1,45.0
111,1.09170087492,0.0,2031,1,45.0
112,0.895700874924,1.0,2031,1,50.0
113,1.05170087492,1.0,2031,1,50.0
114,1.92570087492,1.0,2031,1,50.0
115,1.65970087492,1.0,2031,1,50.0
116,0.82470087492,0.0,2031,1,50.0
117,0.823700874924,1.0,2031,1,50.0
118,1.81470087492,0.0,2031,1,50.0
119,1.74470087492,1.0,2031,1,50.0
120,1.20070087492,1.0,2031,1,50.0
121,1.33370087492,0.0,2031,1,50.0
122,3.99970087493,1.0,2031,1,50.0
123,1.00270087492,1.0,2031,1,50.0
124,1.26570087492,1.0,2031,1,50.0
125,2.85670087492,1.0,2031,1,50.0
126,1.14270087492,1.0,2031,1,50.0
127,1.17170087492,1.0,2031,1,50.0
128,0.858700874924,1.0,2031,1,55.0
129,0.755700874924,1.0,2031,1,55.0
130,0.982700874924,1.0,2031,1,55.0
131,0.941700874924,1.0,2031,1,55.0
132,0.842700874924,1.0,2031,1,55.0
133,2.95470087492,1.0,2031,1,55.0
134,0.841700874924,1.0,2031,1,55.0
135,2.48870087492,1.0,2031,1,55.0
136,0.791700874924,1.0,2031,1,55.0
137,0.91370087492,0.0,2031,1,55.0
138,0.845700874924,1.0,2031,1,55.0
139,0.969700874924,1.0,2031,1,55.0
140,0.893700874924,1.0,2031,1,55.0
141,0.843700874924,1.0,2031,1,55.0
142,1.09370087492,1.0,2031,1,60.0
143,0.810700874924,1.0,2031,1,60.0
144,0.715700874924,1.0,2031,1,60.0
145,1.26470087492,1.0,2031,1,60.0
146,1.32670087492,0.0,2031,1,60.0
147,1.02470087492,1.0,2031,1,60.0
148,0.773700874924,1.0,2031,1,60.0
149,1.87370087492,1.0,2031,1,60.0
150,1.41170087492,1.0,2031,1,60.0
151,0.954700874924,1.0,2031,1,60.0
152,0.789700874924,1.0,2031,1,65.0
153,1.00670087492,1.0,2031,1,65.0
154,1.04570087492,1.0,2031,1,65.0
155,0.850700874924,1.0,2031,1,65.0
156,0.887700874924,1.0,2031,1,65.0
157,0.843700874924,1.0,2031,1,65.0
158,0.859700874924,1.0,2031,1,100.0
159,0.886700874924,1.0,2031,1,100.0
0,0.76443752663,0.0,2032,-1,0.0
1,1.11743752663,0.0,2032,-1,0.0
2,1.08143752663,0.0,2032,-1,35.0
3,0.85943752663,0.0,2032,-1,35.0
4,0.98543752663,0.0,2032,-1,35.0
5,1.98343752663,0.0,2032,-1,35.0
6,2.72043752663,0.0,2032,-1,35.0
7,0.98543752663,0.0,2032,-1,35.0
8,1.08643752663,0.0,2032,-1,40.0
9,1.26843752663,0.0,2032,-1,40.0
10,1.17043752663,0.0,2032,-1,40.0
11,1.04643752663,0.0,2032,-1,40.0
12,1.02143752663,0.0,2032,-1,40.0
13,1.44543752663,0.0,2032,-1,40.0
14,1.20143752663,0.0,2032,-1,40.0
15,1.79643752663,0.0,2032,-1,40.0
16,2.03243752663,0.0,2032,-1,40.0
17,3.21843752663,0.0,2032,-1,40.0
18,1.01843752663,0.0,2032,-1,45.0
19,1.33843752663,0.0,2032,-1,45.0
20,1.85543752663,0.0,2032,-1,45.0
21,1.79343752663,1.0,2032,-1,45.0
22,1.02943752663,0.0,2032,-1,45.0
23,0.84943752663,0.0,2032,-1,45.0
24,2.44143752663,0.0,2032,-1,45.0
25,1.82543752663,0.0,2032,-1,45.0
26,1.15743752663,0.0,2032,-1,45.0
27,1.02043752663,0.0,2032,-1,45.0
28,1.85043752663,0.0,2032,-1,45.0
29,1.91743752663,0.0,2032,-1,45.0
30,1.27743752663,0.0,2032,-1,45.0
31,1.85943752663,0.0,2032,-1,45.0
32,3.05943752663,0.0,2032,-1,50.0
33,1.81443752663,1.0,2032,-1,50.0
34,1.93743752663,1.0,2032,-1,50.0
35,3.06343752663,0.0,2032,-1,50.0
36,1.95643752663,0.0,2032,-1,50.0
37,1.82843752663,1.0,2032,-1,50.0
38,1.06043752663,1.0,2032,-1,50.0
39,1.19143752663,0.0,2032,-1,50.0
40,1.13343752663,0.0,2032,-1,50.0
41,2.60043752663,1.0,2032,-1,50.0
42,1.47143752663,0.0,2032,-1,50.0
43,3.90143752663,0.0,2032,-1,50.0
44,2.52443752663,1.0,2032,-1,50.0
45,2.49443752663,0.0,2032,-1,50.0
46,1.98543752663,0.0,2032,-1,50.0
47,5.27243752663,0.0,2032,-1,50.0
48,1.92443752663,0.0,2032,-1,55.0
49,1.80943752663,1.0,2032,-1,55.0
50,1.27843752663,1.0,2032,-1,55.0
51,1.20743752663,1.0,2032,-1,55.0
52,2.49443752663,1.0,2032,-1,55.0
53,1.21143752663,1.0,2032,-1,55.0
54,2.50543752663,1.0,2032,-1,55.0
55,1.63443752663,1.0,2032,-1,55.0
56,1.51243752663,1.0,2032,-1,55.0
57,1.35143752663,0.0,2032,-1,55.0
58,1.85243752663,1.0,2032,-1,55.0
59,2.68643752663,1.0,2032,-1,55.0
60,2.59343752663,1.0,2032,-1,55.0
61,1.87143752663,0.0,2032,-1,55.0
62,1.54543752663,1.0,2032,-1,60.0
63,1.64443752663,1.0,2032,-1,60.0
64,1.09643752663,1.0,2032,-1,60.0
65,2.28343752663,1.0,2032,-1,60.0
66,1.27143752663,1.0,2032,-1,60.0
67,1.33843752663,1.0,2032,-1,60.0
68,1.54543752663,1.0,2032,-1,60.0
69,0.946437526634,1.0,2032,-1,60.0
70,1.81243752663,1.0,2032,-1,60.0
71,1.01043752663,1.0,2032,-1,60.0
72,1.14643752663,1.0,2032,-1,65.0
73,1.21743752663,1.0,2032,-1,65.0
74,1.08043752663,1.0,2032,-1,65.0
75,1.99443752663,1.0,2032,-1,65.0
76,2.37843752663,1.0,2032,-1,65.0
77,0.967437526634,1.0,2032,-1,65.0
78,0.935437526634,1.0,2032,-1,100.0
79,1.02043752663,1.0,2032,-1,100.0
80,1.29843752663,0.0,2032,1,0.0
81,1.02343752663,0.0,2032,1,0.0
82,1.35543752663,0.0,2032,1,35.0
83,1.00143752663,0.0,2032,1,35.0
84,1.12943752663,0.0,2032,1,35.0
85,3.91543752663,0.0,2032,1,35.0
86,1.23343752663,0.0,2032,1,35.0
87,2.34143752663,0.0,2032,1,35.0
88,1.16043752663,0.0,2032,1,40.0
89,1.32743752663,0.0,2032,1,40.0
90,2.07943752663,0.0,2032,1,40.0
91,2.62343752663,0.0,2032,1,40.0
92,0.96643752663,0.0,2032,1,40.0
93,1.46443752663,0.0,2032,1,40.0
94,2.05543752663,0.0,2032,1,40.0
95,1.04743752663,0.0,2032,1,40.0
96,1.60843752663,0.0,2032,1,40.0
97,1.86343752663,0.0,2032,1,40.0
98,0.92143752663,0.0,2032,1,45.0
99,1.73443752663,0.0,2032,1,45.0
100,3.03743752663,1.0,2032,1,45.0
101,1.33443752663,0.0,2032,1,45.0
102,1.43343752663,1.0,2032,1,45.0
103,1.16943752663,0.0,2032,1,45.0
104,1.70543752663,0.0,2032,1,45.0
105,1.35543752663,1.0,2032,1,45.0
106,5.19943752663,0.0,2032,1,45.0
107,1.17943752663,0.0,2032,1,45.0
108,0.89743752663,0.0,2032,1,45.0
109,1.82043752663,0.0,2032,1,45.0
110,1.45643752663,0.0,2032,1,45.0
111,1.77043752663,0.0,2032,1,45.0
112,2.00943752663,0.0,2032,1,50.0
113,1.76743752663,0.0,2032,1,50.0
114,1.38343752663,1.0,2032,1,50.0
115,2.59043752663,1.0,2032,1,50.0
116,1.97643752663,1.0,2032,1,50.0
117,5.95943752663,0.0,2032,1,50.0
118,1.43543752663,1.0,2032,1,50.0
119,2.99443752663,0.0,2032,1,50.0
120,1.40543752663,0.0,2032,1,50.0
121,2.14943752663,0.0,2032,1,50.0
122,3.78243752664,1.0,2032,1,50.0
123,1.10143752663,0.0,2032,1,50.0
124,1.19643752663,0.0,2032,1,50.0
125,2.36343752663,0.0,2032,1,50.0
126,3.44443752663,0.0,2032,1,50.0
127,1.94043752663,0.0,2032,1,50.0
128,1.52643752663,1.0,2032,1,55.0
129,1.66543752663,1.0,2032,1,55.0
130,2.46243752663,1.0,2032,1,55.0
131,1.09443752663,1.0,2032,1,55.0
132,2.27343752663,0.0,2032,1,55.0
133,3.78343752664,1.0,2032,1,55.0
134,0.874437526634,1.0,2032,1,55.0
135,1.74443752663,1.0,2032,1,55.0
136,2.90643752663,1.0,2032,1,55.0
137,1.89943752663,1.0,2032,1,55.0
138,1.29543752663,1.0,2032,1,55.0
139,1.03243752663,1.0,2032,1,55.0
140,0.903437526634,1.0,2032,1,55.0
141,1.34943752663,1.0,2032,1,55.0
142,1.58243752663,1.0,2032,1,60.0
143,1.36943752663,1.0,2032,1,60.0
144,1.78043752663,1.0,2032,1,60.0
145,1.11443752663,1.0,2032,1,60.0
146,1.19643752663,1.0,2032,1,60.0
147,1.76843752663,1.0,2032,1,60.0
148,1.28043752663,1.0,2032,1,60.0
149,1.62243752663,1.0,2032,1,60.0
150,1.28843752663,1.0,2032,1,60.0
151,2.20543752663,1.0,2032,1,60.0
152,0.940437526634,1.0,2032,1,65.0
153,1.55043752663,1.0,2032,1,65.0
154,1.46243752663,1.0,2032,1,65.0
155,1.59443752663,1.0,2032,1,65.0
156,1.17443752663,1.0,2032,1,65.0
157,1.03443752663,1.0,2032,1,65.0
158,1.03943752663,1.0,2032,1,100.0
159,1.02043752663,1.0,2032,1,100.0
0,1.16081537172,0.0,2033,-1,0.0
1,0.801815371718,0.0,2033,-1,0.0
2,0.831815371718,0.0,2033,-1,35.0
3,0.852815371722,1.0,2033,-1,35.0
4,0.760815371718,0.0,2033,-1,35.0
5,0.976815371718,0.0,2033,-1,35.0
6,0.816815371718,0.0,2033,-1,35.0
7,1.00681537172,0.0,2033,-1,35.0
8,0.929815371718,0.0,2033,-1,40.0
9,0.893815371718,0.0,2033,-1,40.0
10,1.76381537172,0.0,2033,-1,40.0
11,0.689815371718,0.0,2033,-1,40.0
12,0.801815371718,0.0,2033,-1,40.0
13,0.848815371718,0.0,2033,-1,40.0
14,1.40081537172,0.0,2033,-1,40.0
15,1.28181537172,0.0,2033,-1,40.0
16,0.978815371718,0.0,2033,-1,40.0
17,0.685815371718,0.0,2033,-1,40.0
18,0.683815371718,0.0,2033,-1,45.0
19,1.42781537172,0.0,2033,-1,45.0
20,1.91981537172,1.0,2033,-1,45.0
21,1.66381537172,0.0,2033,-1,45.0
22,1.51581537172,0.0,2033,-1,45.0
23,1.18381537172,1.0,2033,-1,45.0
24,0.756815371718,0.0,2033,-1,45.0
25,0.935815371722,1.0,2033,-1,45.0
26,1.44381537172,1.0,2033,-1,45.0
27,0.956815371718,0.0,2033,-1,45.0
28,0.819815371722,1.0,2033,-1,45.0
29,0.872815371722,1.0,2033,-1,45.0
30,0.713815371722,1.0,2033,-1,45.0
31,1.69681537172,0.0,2033,-1,45.0
32,0.966815371718,0.0,2033,-1,50.0
33,0.766815371722,1.0,2033,-1,50.0
34,1.20481537172,1.0,2033,-1,50.0
35,0.877815371718,0.0,2033,-1,50.0
36,1.68581537172,0.0,2033,-1,50.0
37,0.934815371718,0.0,2033,-1,50.0
38,0.992815371722,1.0,2033,-1,50.0
39,1.76981537172,0.0,2033,-1,50.0
40,2.06481537172,0.0,2033,-1,50.0
41,0.930815371722,1.0,2033,-1,50.0
42,0.715815371718,0.0,2033,-1,50.0
43,1.33781537172,0.0,2033,-1,50.0
44,1.57881537172,1.0,2033,-1,50.0
45,0.706815371722,1.0,2033,-1,50.0
46,1.00981537172,0.0,2033,-1,50.0
47,1.67481537172,0.0,2033,-1,50.0
48,1.02081537172,1.0,2033,-1,55.0
49,1.35481537172,1.0,2033,-1,55.0
50,1.87881537172,1.0,2033,-1,55.0
51,1.00981537172,1.0,2033,-1,55.0
52,1.43081537172,1.0,2033,-1,55.0
53,1.25881537172,1.0,2033,-1,55.0
54,0.929815371718,0.0,2033,-1,55.0
55,1.04381537172,1.0,2033,-1,55.0
56,1.65281537172,1.0,2033,-1,55.0
57,1.97081537172,1.0,2033,-1,55.0
58,0.992815371722,1.0,2033,-1,55.0
59,1.54581537172,0.0,2033,-1,55.0
60,1.18281537172,1.0,2033,-1,55.0
61,1.22481537172,1.0,2033,-1,55.0
62,0.772815371722,1.0,2033,-1,60.0
63,0.849815371722,1.0,2033,-1,60.0
64,1.11081537172,1.0,2033,-1,60.0
65,1.03281537172,1.0,2033,-1,60.0
66,1.33781537172,1.0,2033,-1,60.0
67,1.14081537172,1.0,2033,-1,60.0
68,0.795815371722,1.0,2033,-1,60.0
69,1.04181537172,1.0,2033,-1,60.0
70,0.928815371722,1.0,2033,-1,60.0
71,0.759815371722,1.0,2033,-1,60.0
72,0.901815371722,1.0,2033,-1,65.0
73,0.722815371722,1.0,2033,-1,65.0
74,1.12981537172,1.0,2033,-1,65.0
75,1.51781537172,1.0,2033,-1,65.0
76,0.720815371722,1.0,2033,-1,65.0
77,0.813815371722,1.0,2033,-1,65.0
78,0.779815371722,1.0,2033,-1,100.0
79,0.845815371722,1.0,2033,-1,100.0
80,0.742815371718,0.0,2033,1,0.0
81,0.735815371718,0.0,2033,1,0.0
82,0.929815371718,0.0,2033,1,35.0
83,0.935815371718,0.0,2033,1,35.0
84,0.925815371718,0.0,2033,1,35.0
85,0.725815371718,0.0,2033,1,35.0
86,0.901815371718,0.0,2033,1,35.0
87,1.14781537172,0.0,2033,1,35.0
88,0.696815371718,0.0,2033,1,40.0
89,0.782815371718,0.0,2033,1,40.0
90,0.885815371718,0.0,2033,1,40.0
91,1.28281537172,0.0,2033,1,40.0
92,1.31481537172,0.0,2033,1,40.0
93,0.745815371718,0.0,2033,1,40.0
94,0.786815371718,0.0,2033,1,40.0
95,1.21181537172,0.0,2033,1,40.0
96,0.908815371718,0.0,2033,1,40.0
97,1.03281537172,0.0,2033,1,40.0
98,0.899815371722,1.0,2033,1,45.0
99,0.817815371718,0.0,2033,1,45.0
100,0.941815371718,0.0,2033,1,45.0
101,2.10581537172,0.0,2033,1,45.0
102,1.27581537172,0.0,2033,1,45.0
103,1.00981537172,1.0,2033,1,45.0
104,0.835815371722,1.0,2033,1,45.0
105,1.22581537172,1.0,2033,1,45.0
106,0.854815371718,0.0,2033,1,45.0
107,0.882815371718,0.0,2033,1,45.0
108,1.49581537172,0.0,2033,1,45.0
109,1.06581537172,1.0,2033,1,45.0
110,1.08881537172,0.0,2033,1,45.0
111,0.821815371718,0.0,2033,1,45.0
112,1.39281537172,1.0,2033,1,50.0
113,0.934815371722,1.0,2033,1,50.0
114,1.55081537172,1.0,2033,1,50.0
115,0.792815371722,1.0,2033,1,50.0
116,1.71981537172,1.0,2033,1,50.0
117,1.70581537172,1.0,2033,1,50.0
118,1.61481537172,0.0,2033,1,50.0
119,1.08881537172,0.0,2033,1,50.0
120,2.61681537172,1.0,2033,1,50.0
121,1.05781537172,1.0,2033,1,50.0
122,1.34681537172,1.0,2033,1,50.0
123,0.827815371718,0.0,2033,1,50.0
124,1.02681537172,1.0,2033,1,50.0
125,1.42081537172,0.0,2033,1,50.0
126,2.26281537172,1.0,2033,1,50.0
127,0.928815371722,1.0,2033,1,50.0
128,1.40481537172,1.0,2033,1,55.0
129,0.780815371718,0.0,2033,1,55.0
130,0.818815371722,1.0,2033,1,55.0
131,1.41381537172,1.0,2033,1,55.0
132,0.972815371722,1.0,2033,1,55.0
133,1.14381537172,1.0,2033,1,55.0
134,0.792815371722,1.0,2033,1,55.0
135,0.929815371722,1.0,2033,1,55.0
136,1.48681537172,1.0,2033,1,55.0
137,0.837815371722,1.0,2033,1,55.0
138,1.21781537172,1.0,2033,1,55.0
139,0.903815371722,1.0,2033,1,55.0
140,0.834815371722,1.0,2033,1,55.0
141,1.15281537172,1.0,2033,1,55.0
142,1.55981537172,1.0,2033,1,60.0
143,0.885815371722,1.0,2033,1,60.0
144,1.39381537172,0.0,2033,1,60.0
145,0.872815371722,1.0,2033,1,60.0
146,0.970815371722,1.0,2033,1,60.0
147,0.704815371722,1.0,2033,1,60.0
148,0.855815371722,1.0,2033,1,60.0
149,1.26481537172,1.0,2033,1,60.0
150,0.891815371722,1.0,2033,1,60.0
151,0.825815371722,1.0,2033,1,60.0
152,1.09081537172,1.0,2033,1,65.0
153,0.846815371722,1.0,2033,1,65.0
154,1.32481537172,1.0,2033,1,65.0
155,0.909815371722,1.0,2033,1,65.0
156,0.864815371722,1.0,2033,1,65.0
157,0.891815371722,1.0,2033,1,65.0
158,1.12581537172,1.0,2033,1,100.0
159,0.840815371722,1.0,2033,1,100.0
0,0.923225802404,0.0,2034,-1,0.0
1,1.1662258024,0.0,2034,-1,0.0
2,1.0652258024,0.0,2034,-1,35.0
3,1.5292258024,0.0,2034,-1,35.0
4,1.4852258024,0.0,2034,-1,35.0
5,1.8172258024,0.0,2034,-1,35.0
6,1.3932258024,0.0,2034,-1,35.0
7,1.0662258024,0.0,2034,-1,35.0
8,1.24522580241,1.0,2034,-1,40.0
9,1.3872258024,0.0,2034,-1,40.0
10,0.921225802404,0.0,2034,-1,40.0
11,2.0392258024,0.0,2034,-1,40.0
12,1.1142258024,0.0,2034,-1,40.0
13,1.0662258024,0.0,2034,-1,40.0
14,1.1042258024,0.0,2034,-1,40.0
15,1.2262258024,0.0,2034,-1,40.0
16,1.0642258024,0.0,2034,-1,40.0
17,0.964225802404,0.0,2034,-1,40.0
18,1.4442258024,0.0,2034,-1,45.0
19,1.2362258024,0.0,2034,-1,45.0
20,3.0632258024,0.0,2034,-1,45.0
21,2.9042258024,0.0,2034,-1,45.0
22,1.8662258024,0.0,2034,-1,45.0
23,0.896225802404,0.0,2034,-1,45.0
24,0.965225802404,0.0,2034,-1,45.0
25,1.0232258024,0.0,2034,-1,45.0
26,1.0762258024,0.0,2034,-1,45.0
27,2.0862258024,0.0,2034,-1,45.0
28,1.5492258024,0.0,2034,-1,45.0
29,1.1542258024,0.0,2034,-1,45.0
30,0.881225802404,0.0,2034,-1,45.0
31,1.9172258024,0.0,2034,-1,45.0
32,1.0762258024,0.0,2034,-1,50.0
33,1.28222580241,1.0,2034,-1,50.0
34,1.3002258024,0.0,2034,-1,50.0
35,2.6192258024,0.0,2034,-1,50.0
36,1.3372258024,0.0,2034,-1,50.0
37,2.3852258024,0.0,2034,-1,50.0
38,3.59622580241,1.0,2034,-1,50.0
39,1.9962258024,0.0,2034,-1,50.0
40,2.7842258024,0.0,2034,-1,50.0
41,0.979225802404,0.0,2034,-1,50.0
42,1.2392258024,0.0,2034,-1,50.0
43,1.1622258024,0.0,2034,-1,50.0
44,1.0742258024,0.0,2034,-1,50.0
45,2.4182258024,0.0,2034,-1,50.0
46,2.9072258024,0.0,2034,-1,50.0
47,1.4832258024,0.0,2034,-1,50.0
48,0.931225802408,1.0,2034,-1,55.0
49,2.02922580241,1.0,2034,-1,55.0
50,3.10622580241,1.0,2034,-1,55.0
51,1.0232258024,0.0,2034,-1,55.0
52,1.25222580241,1.0,2034,-1,55.0
53,1.6932258024,0.0,2034,-1,55.0
54,0.985225802408,1.0,2034,-1,55.0
55,1.26422580241,1.0,2034,-1,55.0
56,0.916225802408,1.0,2034,-1,55.0
57,2.78722580241,1.0,2034,-1,55.0
58,1.95022580241,1.0,2034,-1,55.0
59,1.15022580241,1.0,2034,-1,55.0
60,1.0782258024,0.0,2034,-1,55.0
61,3.3472258024,0.0,2034,-1,55.0
62,1.82022580241,1.0,2034,-1,60.0
63,3.66822580241,1.0,2034,-1,60.0
64,1.2272258024,0.0,2034,-1,60.0
65,1.01222580241,1.0,2034,-1,60.0
66,1.53622580241,1.0,2034,-1,60.0
67,1.22822580241,1.0,2034,-1,60.0
68,1.1472258024,0.0,2034,-1,60.0
69,1.86922580241,1.0,2034,-1,60.0
70,2.90622580241,1.0,2034,-1,60.0
71,1.79022580241,1.0,2034,-1,60.0
72,1.1582258024,0.0,2034,-1,65.0
73,0.914225802408,1.0,2034,-1,65.0
74,1.48022580241,1.0,2034,-1,65.0
75,2.26622580241,1.0,2034,-1,65.0
76,1.53922580241,1.0,2034,-1,65.0
77,1.78622580241,1.0,2034,-1,65.0
78,1.98922580241,1.0,2034,-1,100.0
79,1.09122580241,1.0,2034,-1,100.0
80,0.918225802408,1.0,2034,1,0.0
81,1.2552258024,0.0,2034,1,0.0
82,1.1262258024,0.0,2034,1,35.0
83,1.0032258024,0.0,2034,1,35.0
84,2.0292258024,0.0,2034,1,35.0
85,1.3312258024,0.0,2034,1,35.0
86,2.6502258024,0.0,2034,1,35.0
87,1.0312258024,0.0,2034,1,35.0
88,1.4052258024,0.0,2034,1,40.0
89,1.3842258024,0.0,2034,1,40.0
90,1.4962258024,0.0,2034,1,40.0
91,2.7232258024,0.0,2034,1,40.0
92,2.3782258024,0.0,2034,1,40.0
93,1.8362258024,0.0,2034,1,40.0
94,1.51822580241,1.0,2034,1,40.0
95,1.5572258024,0.0,2034,1,40.0
96,3.2012258024,0.0,2034,1,40.0
97,1.72322580241,1.0,2034,1,40.0
98,2.7912258024,0.0,2034,1,45.0
99,2.61022580241,1.0,2034,1,45.0
100,2.30422580241,1.0,2034,1,45.0
101,5.13022580241,1.0,2034,1,45.0
102,0.876225802408,1.0,2034,1,45.0
103,3.3132258024,0.0,2034,1,45.0
104,0.970225802408,1.0,2034,1,45.0
105,2.8682258024,0.0,2034,1,45.0
106,2.78722580241,1.0,2034,1,45.0
107,1.14422580241,1.0,2034,1,45.0
108,1.1672258024,0.0,2034,1,45.0
109,6.63422580241,0.0,2034,1,45.0
110,2.4302258024,0.0,2034,1,45.0
111,1.81222580241,1.0,2034,1,45.0
112,2.12922580241,1.0,2034,1,50.0
113,1.16322580241,1.0,2034,1,50.0
114,1.20222580241,1.0,2034,1,50.0
115,1.06022580241,1.0,2034,1,50.0
116,0.875225802408,1.0,2034,1,50.0
117,1.23122580241,1.0,2034,1,50.0
118,1.00922580241,1.0,2034,1,50.0
119,0.853225802408,1.0,2034,1,50.0
120,0.889225802408,1.0,2034,1,50.0
121,4.04722580241,1.0,2034,1,50.0
122,1.46122580241,1.0,2034,1,50.0
123,1.83522580241,1.0,2034,1,50.0
124,1.19422580241,1.0,2034,1,50.0
125,1.24022580241,1.0,2034,1,50.0
126,1.80822580241,1.0,2034,1,50.0
127,2.96822580241,1.0,2034,1,50.0
128,1.25622580241,1.0,2034,1,55.0
129,1.51022580241,1.0,2034,1,55.0
130,1.77222580241,1.0,2034,1,55.0
131,1.17122580241,1.0,2034,1,55.0
132,1.8492258024,0.0,2034,1,55.0
133,1.09722580241,1.0,2034,1,55.0
134,2.81922580241,1.0,2034,1,55.0
135,1.18822580241,1.0,2034,1,55.0
136,1.03722580241,1.0,2034,1,55.0
137,1.30122580241,1.0,2034,1,55.0
138,2.8332258024,0.0,2034,1,55.0
139,1.07922580241,1.0,2034,1,55.0
140,1.13722580241,1.0,2034,1,55.0
141,1.04222580241,1.0,2034,1,55.0
142,0.884225802408,1.0,2034,1,60.0
143,2.11522580241,1.0,2034,1,60.0
144,0.855225802408,1.0,2034,1,60.0
145,0.885225802408,1.0,2034,1,60.0
146,2.05322580241,1.0,2034,1,60.0
147,0.968225802408,1.0,2034,1,60.0
148,1.85222580241,1.0,2034,1,60.0
149,1.46622580241,1.0,2034,1,60.0
150,2.16322580241,1.0,2034,1,60.0
151,1.34622580241,1.0,2034,1,60.0
152,1.14222580241,1.0,2034,1,65.0
153,0.889225802408,1.0,2034,1,65.0
154,1.31922580241,1.0,2034,1,65.0
155,0.840225802408,1.0,2034,1,65.0
156,0.946225802408,1.0,2034,1,65.0
157,1.10222580241,1.0,2034,1,65.0
158,1.43922580241,1.0,2034,1,100.0
159,0.953225802408,1.0,2034,1,100.0
0,1.55340477278,0.0,2035,-1,0.0
1,1.18540477278,0.0,2035,-1,0.0
2,1.40640477278,0.0,2035,-1,35.0
3,1.48640477278,0.0,2035,-1,35.0
4,1.19540477278,0.0,2035,-1,35.0
5,1.36140477278,0.0,2035,-1,35.0
6,1.19340477278,0.0,2035,-1,35.0
7,1.24040477278,0.0,2035,-1,35.0
8,1.53340477278,0.0,2035,-1,40.0
9,2.09740477278,0.0,2035,-1,40.0
10,1.16540477278,0.0,2035,-1,40.0
11,1.43240477278,0.0,2035,-1,40.0
12,1.33240477278,0.0,2035,-1,40.0
13,3.93440477278,0.0,2035,-1,40.0
14,1.35140477278,0.0,2035,-1,40.0
15,1.33940477278,0.0,2035,-1,40.0
16,2.07740477278,0.0,2035,-1,40.0
17,1.46140477278,0.0,2035,-1,40.0
18,1.26940477278,0.0,2035,-1,45.0
19,1.88840477278,1.0,2035,-1,45.0
20,1.12540477278,1.0,2035,-1,45.0
21,2.54440477278,1.0,2035,-1,45.0
22,2.21440477278,1.0,2035,-1,45.0
23,1.82240477278,1.0,2035,-1,45.0
24,2.05640477278,1.0,2035,-1,45.0
25,1.15640477278,0.0,2035,-1,45.0
26,1.72540477278,0.0,2035,-1,45.0
27,1.72140477278,0.0,2035,-1,45.0
28,2.44340477278,1.0,2035,-1,45.0
29,4.24140477278,0.0,2035,-1,45.0
30,1.56640477278,0.0,2035,-1,45.0
31,1.20740477278,1.0,2035,-1,45.0
32,1.55140477278,1.0,2035,-1,50.0
33,1.78840477278,1.0,2035,-1,50.0
34,1.47140477278,1.0,2035,-1,50.0
35,1.51840477278,1.0,2035,-1,50.0
36,1.98440477278,1.0,2035,-1,50.0
37,1.31040477278,1.0,2035,-1,50.0
38,1.47740477278,0.0,2035,-1,50.0
39,1.33040477278,1.0,2035,-1,50.0
40,1.52840477278,1.0,2035,-1,50.0
41,1.25740477278,1.0,2035,-1,50.0
42,1.70940477278,1.0,2035,-1,50.0
43,1.71940477278,0.0,2035,-1,50.0
44,2.09840477278,0.0,2035,-1,50.0
45,1.34040477278,0.0,2035,-1,50.0
46,1.23540477278,1.0,2035,-1,50.0
47,1.17840477278,1.0,2035,-1,50.0
48,1.67040477278,1.0,2035,-1,55.0
49,1.41440477278,1.0,2035,-1,55.0
50,1.35940477278,1.0,2035,-1,55.0
51,1.30040477278,1.0,2035,-1,55.0
52,1.59940477278,0.0,2035,-1,55.0
53,1.35940477278,1.0,2035,-1,55.0
54,1.44540477278,1.0,2035,-1,55.0
55,1.76540477278,1.0,2035,-1,55.0
56,1.31740477278,1.0,2035,-1,55.0
57,1.62540477278,1.0,2035,-1,55.0
58,3.22640477278,1.0,2035,-1,55.0
59,1.33840477278,1.0,2035,-1,55.0
60,1.20140477278,1.0,2035,-1,55.0
61,1.32640477278,1.0,2035,-1,55.0
62,1.39740477278,1.0,2035,-1,60.0
63,2.11640477278,1.0,2035,-1,60.0
64,1.34240477278,1.0,2035,-1,60.0
65,1.95140477278,1.0,2035,-1,60.0
66,1.88340477278,1.0,2035,-1,60.0
67,1.16940477278,1.0,2035,-1,60.0
68,1.99840477278,1.0,2035,-1,60.0
69,1.72840477278,1.0,2035,-1,60.0
70,1.69040477278,1.0,2035,-1,60.0
71,1.57040477278,1.0,2035,-1,60.0
72,1.13740477278,1.0,2035,-1,65.0
73,1.23840477278,1.0,2035,-1,65.0
74,1.18840477278,1.0,2035,-1,65.0
75,1.46540477278,1.0,2035,-1,65.0
76,1.18440477278,1.0,2035,-1,65.0
77,1.15440477278,1.0,2035,-1,65.0
78,1.19740477278,1.0,2035,-1,100.0
79,1.28540477278,1.0,2035,-1,100.0
80,1.34840477278,0.0,2035,1,0.0
81,1.35540477278,0.0,2035,1,0.0
82,1.48940477278,0.0,2035,1,35.0
83,1.41540477278,0.0,2035,1,35.0
84,2.51440477278,0.0,2035,1,35.0
85,1.35840477278,0.0,2035,1,35.0
86,1.15040477278,0.0,2035,1,35.0
87,1.35040477278,0.0,2035,1,35.0
88,3.76840477278,1.0,2035,1,40.0
89,2.01340477278,0.0,2035,1,40.0
90,1.18140477278,1.0,2035,1,40.0
91,1.48840477278,0.0,2035,1,40.0
92,1.79640477278,1.0,2035,1,40.0
93,3.09840477278,1.0,2035,1,40.0
94,1.51340477278,0.0,2035,1,40.0
95,1.45840477278,0.0,2035,1,40.0
96,3.53340477278,0.0,2035,1,40.0
97,1.64240477278,0.0,2035,1,40.0
98,1.95040477278,0.0,2035,1,45.0
99,1.23940477278,0.0,2035,1,45.0
100,1.32140477278,0.0,2035,1,45.0
101,1.75740477278,1.0,2035,1,45.0
102,1.59040477278,1.0,2035,1,45.0
103,1.41040477278,0.0,2035,1,45.0
104,2.28440477278,1.0,2035,1,45.0
105,1.73340477278,0.0,2035,1,45.0
106,1.82740477278,1.0,2035,1,45.0
107,1.68340477278,0.0,2035,1,45.0
108,3.28940477278,0.0,2035,1,45.0
109,1.56840477278,0.0,2035,1,45.0
110,1.93440477278,1.0,2035,1,45.0
111,2.50140477278,0.0,2035,1,45.0
112,1.72040477278,0.0,2035,1,50.0
113,1.96640477278,1.0,2035,1,50.0
114,1.23940477278,1.0,2035,1,50.0
115,1.14640477278,1.0,2035,1,50.0
116,2.88840477278,1.0,2035,1,50.0
117,2.04940477278,1.0,2035,1,50.0
118,1.36240477278,0.0,2035,1,50.0
119,1.53840477278,1.0,2035,1,50.0
120,1.55040477278,0.0,2035,1,50.0
121,1.69840477278,1.0,2035,1,50.0
122,1.20740477278,1.0,2035,1,50.0
123,1.78640477278,1.0,2035,1,50.0
124,2.08440477278,1.0,2035,1,50.0
125,1.61140477278,0.0,2035,1,50.0
126,1.26740477278,1.0,2035,1,50.0
127,2.04140477278,0.0,2035,1,50.0
128,3.31740477278,1.0,2035,1,55.0
129,1.78640477278,1.0,2035,1,55.0
130,2.06740477278,1.0,2035,1,55.0
131,1.70540477278,1.0,2035,1,55.0
132,1.34540477278,1.0,2035,1,55.0
133,2.55040477278,1.0,2035,1,55.0
134,1.78540477278,1.0,2035,1,55.0
135,1.85840477278,1.0,2035,1,55.0
136,1.30540477278,1.0,2035,1,55.0
137,1.54340477278,1.0,2035,1,55.0
138,1.65340477278,1.0,2035,1,55.0
139,1.93840477278,1.0,2035,1,55.0
140,1.24640477278,1.0,2035,1,55.0
141,3.52540477278,1.0,2035,1,55.0
142,2.19640477278,1.0,2035,1,60.0
143,1.38240477278,1.0,2035,1,60.0
144,1.46040477278,1.0,2035,1,60.0
145,1.25540477278,1.0,2035,1,60.0
146,1.38740477278,0.0,2035,1,60.0
147,2.09140477278,1.0,2035,1,60.0
148,1.49040477278,1.0,2035,1,60.0
149,1.24740477278,1.0,2035,1,60.0
150,1.66340477278,0.0,2035,1,60.0
151,1.26440477278,1.0,2035,1,60.0
152,1.23740477278,1.0,2035,1,65.0
153,1.26240477278,1.0,2035,1,65.0
154,1.40640477278,1.0,2035,1,65.0
155,1.76540477278,1.0,2035,1,65.0
156,1.33840477278,1.0,2035,1,65.0
157,1.18440477278,1.0,2035,1,65.0
158,1.25340477278,1.0,2035,1,100.0
159,1.46540477278,1.0,2035,1,100.0
0,1.5321519401,0.0,2036,-1,0.0
1,1.0141519401,0.0,2036,-1,0.0
2,1.0121519401,0.0,2036,-1,35.0
3,0.959151940098,0.0,2036,-1,35.0
4,1.0331519401,0.0,2036,-1,35.0
5,0.968151940098,0.0,2036,-1,35.0
6,0.878151940098,0.0,2036,-1,35.0
7,1.1281519401,0.0,2036,-1,35.0
8,1.0701519401,0.0,2036,-1,40.0
9,0.921151940098,0.0,2036,-1,40.0
10,0.982151940098,0.0,2036,-1,40.0
11,1.2361519401,0.0,2036,-1,40.0
12,1.1311519401,0.0,2036,-1,40.0
13,1.2481519401,0.0,2036,-1,40.0
14,1.5951519401,0.0,2036,-1,40.0
15,2.0221519401,0.0,2036,-1,40.0
16,0.976151940098,0.0,2036,-1,40.0
17,0.989151940098,0.0,2036,-1,40.0
18,1.8201519401,0.0,2036,-1,45.0
19,2.5231519401,0.0,2036,-1,45.0
20,1.3521519401,0.0,2036,-1,45.0
21,1.6071519401,0.0,2036,-1,45.0
22,1.0951519401,0.0,2036,-1,45.0
23,1.1451519401,0.0,2036,-1,45.0
24,1.7951519401,0.0,2036,-1,45.0
25,1.0991519401,0.0,2036,-1,45.0
26,1.0441519401,0.0,2036,-1,45.0
27,1.3051519401,0.0,2036,-1,45.0
28,0.885151940098,0.0,2036,-1,45.0
29,3.8271519401,0.0,2036,-1,45.0
30,1.3761519401,0.0,2036,-1,45.0
31,1.0651519401,0.0,2036,-1,45.0
32,4.6831519401,0.0,2036,-1,50.0
33,3.3771519401,0.0,2036,-1,50.0
34,1.9741519401,1.0,2036,-1,50.0
35,2.3581519401,0.0,2036,-1,50.0
36,2.2421519401,1.0,2036,-1,50.0
37,1.4831519401,1.0,2036,-1,50.0
38,1.0651519401,1.0,2036,-1,50.0
39,1.6151519401,1.0,2036,-1,50.0
40,1.0541519401,0.0,2036,-1,50.0
41,1.3421519401,0.0,2036,-1,50.0
42,0.931151940098,0.0,2036,-1,50.0
43,1.7421519401,0.0,2036,-1,50.0
44,1.1421519401,0.0,2036,-1,50.0
45,1.9811519401,0.0,2036,-1,50.0
46,1.3691519401,0.0,2036,-1,50.0
47,0.834151940098,0.0,2036,-1,50.0
48,1.3601519401,1.0,2036,-1,55.0
49,1.8001519401,1.0,2036,-1,55.0
50,1.7081519401,1.0,2036,-1,55.0
51,1.7841519401,0.0,2036,-1,55.0
52,1.3531519401,1.0,2036,-1,55.0
53,2.4191519401,1.0,2036,-1,55.0
54,1.8811519401,1.0,2036,-1,55.0
55,1.3641519401,0.0,2036,-1,55.0
56,1.6781519401,1.0,2036,-1,55.0
57,2.5991519401,0.0,2036,-1,55.0
58,1.5101519401,1.0,2036,-1,55.0
59,1.8681519401,1.0,2036,-1,55.0
60,3.4351519401,1.0,2036,-1,55.0
61,3.7921519401,1.0,2036,-1,55.0
62,1.2411519401,1.0,2036,-1,60.0
63,1.7851519401,1.0,2036,-1,60.0
64,2.2371519401,0.0,2036,-1,60.0
65,1.4051519401,1.0,2036,-1,60.0
66,1.4901519401,1.0,2036,-1,60.0
67,1.8171519401,1.0,2036,-1,60.0
68,1.9871519401,1.0,2036,-1,60.0
69,2.2561519401,1.0,2036,-1,60.0
70,2.0811519401,1.0,2036,-1,60.0
71,1.2881519401,1.0,2036,-1,60.0
72,1.2511519401,1.0,2036,-1,65.0
73,2.9021519401,1.0,2036,-1,65.0
74,1.8821519401,1.0,2036,-1,65.0
75,1.2341519401,1.0,2036,-1,65.0
76,0.919151940102,1.0,2036,-1,65.0
77,1.4191519401,1.0,2036,-1,65.0
78,1.1591519401,1.0,2036,-1,100.0
79,1.3481519401,1.0,2036,-1,100.0
80,0.868151940098,0.0,2036,1,0.0
81,0.928151940098,0.0,2036,1,0.0
82,1.1461519401,0.0,2036,1,35.0
83,0.932151940098,0.0,2036,1,35.0
84,0.989151940098,0.0,2036,1,35.0
85,1.0791519401,0.0,2036,1,35.0
86,1.0561519401,0.0,2036,1,35.0
87,1.4271519401,0.0,2036,1,35.0
88,2.5621519401,0.0,2036,1,40.0
89,1.0361519401,0.0,2036,1,40.0
90,0.968151940098,0.0,2036,1,40.0
91,1.6691519401,0.0,2036,1,40.0
92,2.0411519401,0.0,2036,1,40.0
93,0.919151940102,1.0,2036,1,40.0
94,1.0651519401,0.0,2036,1,40.0
95,1.4241519401,0.0,2036,1,40.0
96,1.7621519401,0.0,2036,1,40.0
97,1.0411519401,0.0,2036,1,40.0
98,4.5351519401,0.0,2036,1,45.0
99,2.1721519401,1.0,2036,1,45.0
100,2.2641519401,0.0,2036,1,45.0
101,1.0771519401,0.0,2036,1,45.0
102,2.4641519401,0.0,2036,1,45.0
103,1.7071519401,1.0,2036,1,45.0
104,2.5521519401,0.0,2036,1,45.0
105,1.2041519401,0.0,2036,1,45.0
106,1.4181519401,0.0,2036,1,45.0
107,1.8141519401,0.0,2036,1,45.0
108,1.9781519401,0.0,2036,1,45.0
109,2.0601519401,1.0,2036,1,45.0
110,1.6311519401,0.0,2036,1,45.0
111,1.8851519401,0.0,2036,1,45.0
112,1.2861519401,1.0,2036,1,50.0
113,3.2841519401,0.0,2036,1,50.0
114,1.2091519401,1.0,2036,1,50.0
115,2.1341519401,0.0,2036,1,50.0
116,2.3141519401,1.0,2036,1,50.0
117,1.5141519401,1.0,2036,1,50.0
118,2.7161519401,0.0,2036,1,50.0
119,1.3831519401,0.0,2036,1,50.0
120,1.6041519401,1.0,2036,1,50.0
121,1.6601519401,1.0,2036,1,50.0
122,1.8931519401,1.0,2036,1,50.0
123,2.2621519401,1.0,2036,1,50.0
124,1.0531519401,1.0,2036,1,50.0
125,2.1211519401,1.0,2036,1,50.0
126,1.0741519401,1.0,2036,1,50.0
127,2.9781519401,0.0,2036,1,50.0
128,0.874151940102,1.0,2036,1,55.0
129,1.1281519401,1.0,2036,1,55.0
130,2.0111519401,1.0,2036,1,55.0
131,1.2461519401,1.0,2036,1,55.0
132,5.2561519401,1.0,2036,1,55.0
133,1.5771519401,1.0,2036,1,55.0
134,1.1911519401,1.0,2036,1,55.0
135,1.5871519401,1.0,2036,1,55.0
136,2.1101519401,1.0,2036,1,55.0
137,1.0211519401,1.0,2036,1,55.0
138,1.6931519401,1.0,2036,1,55.0
139,1.2571519401,1.0,2036,1,55.0
140,0.830151940102,1.0,2036,1,55.0
141,0.953151940102,1.0,2036,1,55.0
142,0.923151940102,1.0,2036,1,60.0
143,1.1471519401,1.0,2036,1,60.0
144,1.1581519401,1.0,2036,1,60.0
145,1.0151519401,1.0,2036,1,60.0
146,2.6711519401,1.0,2036,1,60.0
147,1.2311519401,1.0,2036,1,60.0
148,0.990151940102,1.0,2036,1,60.0
149,1.5511519401,1.0,2036,1,60.0
150,1.8341519401,1.0,2036,1,60.0
151,1.0531519401,1.0,2036,1,60.0
152,0.828151940102,1.0,2036,1,65.0
153,1.2721519401,1.0,2036,1,65.0
154,1.1071519401,1.0,2036,1,65.0
155,1.7111519401,1.0,2036,1,65.0
156,1.1121519401,1.0,2036,1,65.0
157,1.1501519401,1.0,2036,1,65.0
158,1.4471519401,1.0,2036,1,100.0
159,1.0771519401,1.0,2036,1,100.0
0,0.842773225255,0.0,2038,-1,0.0
1,0.962773225255,0.0,2038,-1,0.0
2,1.37977322526,0.0,2038,-1,35.0
3,0.910773225255,0.0,2038,-1,35.0
4,0.955773225255,0.0,2038,-1,35.0
5,1.16277322526,0.0,2038,-1,35.0
6,0.810773225255,0.0,2038,-1,35.0
7,0.729773225255,0.0,2038,-1,35.0
8,0.856773225255,0.0,2038,-1,40.0
9,1.17377322526,0.0,2038,-1,40.0
10,0.974773225255,0.0,2038,-1,40.0
11,1.20877322526,0.0,2038,-1,40.0
12,0.865773225255,0.0,2038,-1,40.0
13,1.01377322526,0.0,2038,-1,40.0
14,0.749773225255,0.0,2038,-1,40.0
15,0.814773225255,0.0,2038,-1,40.0
16,0.881773225255,0.0,2038,-1,40.0
17,1.51677322526,0.0,2038,-1,40.0
18,2.11977322526,1.0,2038,-1,45.0
19,1.35277322526,0.0,2038,-1,45.0
20,1.96077322526,0.0,2038,-1,45.0
21,1.02377322526,0.0,2038,-1,45.0
22,1.70477322526,0.0,2038,-1,45.0
23,2.04277322526,1.0,2038,-1,45.0
24,1.75377322526,0.0,2038,-1,45.0
25,1.00577322526,0.0,2038,-1,45.0
26,1.22477322526,1.0,2038,-1,45.0
27,3.74377322526,0.0,2038,-1,45.0
28,1.09577322526,0.0,2038,-1,45.0
29,0.916773225255,0.0,2038,-1,45.0
30,0.784773225255,0.0,2038,-1,45.0
31,0.995773225255,0.0,2038,-1,45.0
32,0.927773225255,0.0,2038,-1,50.0
33,2.71977322526,1.0,2038,-1,50.0
34,1.15977322526,1.0,2038,-1,50.0
35,1.09277322526,0.0,2038,-1,50.0
36,1.04477322526,1.0,2038,-1,50.0
37,1.81377322526,1.0,2038,-1,50.0
38,1.24077322526,1.0,2038,-1,50.0
39,1.42677322526,0.0,2038,-1,50.0
40,1.32977322526,0.0,2038,-1,50.0
41,1.17977322526,0.0,2038,-1,50.0
42,1.56977322526,1.0,2038,-1,50.0
43,2.35377322526,0.0,2038,-1,50.0
44,1.31477322526,1.0,2038,-1,50.0
45,1.98177322526,0.0,2038,-1,50.0
46,2.47377322526,0.0,2038,-1,50.0
47,1.08877322526,0.0,2038,-1,50.0
48,1.17577322526,1.0,2038,-1,55.0
49,1.73377322526,1.0,2038,-1,55.0
50,1.06677322526,1.0,2038,-1,55.0
51,1.03077322526,1.0,2038,-1,55.0
52,1.80877322526,1.0,2038,-1,55.0
53,1.89277322526,1.0,2038,-1,55.0
54,1.06777322526,1.0,2038,-1,55.0
55,1.19177322526,1.0,2038,-1,55.0
56,1.53777322526,1.0,2038,-1,55.0
57,1.91277322526,1.0,2038,-1,55.0
58,1.89477322526,1.0,2038,-1,55.0
59,1.39977322526,1.0,2038,-1,55.0
60,1.42577322526,1.0,2038,-1,55.0
61,1.12577322526,0.0,2038,-1,55.0
62,0.961773225259,1.0,2038,-1,60.0
63,1.32677322526,1.0,2038,-1,60.0
64,1.08877322526,1.0,2038,-1,60.0
65,1.24177322526,1.0,2038,-1,60.0
66,1.25877322526,1.0,2038,-1,60.0
67,1.23877322526,1.0,2038,-1,60.0
68,0.955773225259,1.0,2038,-1,60.0
69,1.11477322526,1.0,2038,-1,60.0
70,1.26077322526,1.0,2038,-1,60.0
71,0.970773225259,1.0,2038,-1,60.0
72,0.818773225259,1.0,2038,-1,65.0
73,1.02277322526,1.0,2038,-1,65.0
74,1.05877322526,1.0,2038,-1,65.0
75,1.19577322526,1.0,2038,-1,65.0
76,1.19077322526,1.0,2038,-1,65.0
77,1.59577322526,1.0,2038,-1,65.0
78,1.47277322526,1.0,2038,-1,100.0
79,1.14477322526,1.0,2038,-1,100.0
80,0.891773225255,0.0,2038,1,0.0
81,1.05477322526,0.0,2038,1,0.0
82,1.59677322526,0.0,2038,1,35.0
83,1.25277322526,0.0,2038,1,35.0
84,0.841773225255,0.0,2038,1,35.0
85,1.03577322526,0.0,2038,1,35.0
86,1.23977322526,0.0,2038,1,35.0
87,0.971773225255,0.0,2038,1,35.0
88,1.91177322526,0.0,2038,1,40.0
89,1.62577322526,0.0,2038,1,40.0
90,1.86377322526,1.0,2038,1,40.0
91,2.23777322526,0.0,2038,1,40.0
92,2.87777322526,0.0,2038,1,40.0
93,1.40877322526,0.0,2038,1,40.0
94,1.06577322526,0.0,2038,1,40.0
95,1.61477322526,1.0,2038,1,40.0
96,1.37377322526,0.0,2038,1,40.0
97,3.16677322526,0.0,2038,1,40.0
98,0.954773225259,1.0,2038,1,45.0
99,1.13277322526,1.0,2038,1,45.0
100,1.15077322526,1.0,2038,1,45.0
101,3.04477322526,1.0,2038,1,45.0
102,1.16077322526,0.0,2038,1,45.0
103,1.54277322526,0.0,2038,1,45.0
104,1.84777322526,0.0,2038,1,45.0
105,1.14777322526,1.0,2038,1,45.0
106,0.893773225259,1.0,2038,1,45.0
107,1.75977322526,0.0,2038,1,45.0
108,1.15277322526,0.0,2038,1,45.0
109,1.77977322526,0.0,2038,1,45.0
110,2.75077322526,0.0,2038,1,45.0
111,1.63477322526,0.0,2038,1,45.0
112,0.819773225259,1.0,2038,1,50.0
113,1.39277322526,1.0,2038,1,50.0
114,2.01377322526,0.0,2038,1,50.0
115,1.06077322526,0.0,2038,1,50.0
116,1.37677322526,1.0,2038,1,50.0
117,1.48677322526,1.0,2038,1,50.0
118,0.802773225259,1.0,2038,1,50.0
119,1.04077322526,1.0,2038,1,50.0
120,1.03577322526,1.0,2038,1,50.0
121,1.06077322526,0.0,2038,1,50.0
122,1.22877322526,1.0,2038,1,50.0
123,1.03677322526,1.0,2038,1,50.0
124,0.885773225259,1.0,2038,1,50.0
125,0.730773225259,1.0,2038,1,50.0
126,0.859773225255,0.0,2038,1,50.0
127,1.46777322526,1.0,2038,1,50.0
128,0.792773225259,1.0,2038,1,55.0
129,2.03077322526,1.0,2038,1,55.0
130,0.739773225259,1.0,2038,1,55.0
131,0.894773225259,1.0,2038,1,55.0
132,0.997773225259,1.0,2038,1,55.0
133,0.866773225259,1.0,2038,1,55.0
134,0.959773225259,1.0,2038,1,55.0
135,0.860773225259,1.0,2038,1,55.0
136,0.800773225259,1.0,2038,1,55.0
137,0.935773225259,1.0,2038,1,55.0
138,3.00977322526,1.0,2038,1,55.0
139,0.783773225259,1.0,2038,1,55.0
140,0.926773225259,1.0,2038,1,55.0
141,0.797773225259,1.0,2038,1,55.0
142,0.877773225259,1.0,2038,1,60.0
143,1.09177322526,1.0,2038,1,60.0
144,0.697773225259,1.0,2038,1,60.0
145,0.816773225259,1.0,2038,1,60.0
146,1.13977322526,1.0,2038,1,60.0
147,0.809773225259,1.0,2038,1,60.0
148,0.980773225259,1.0,2038,1,60.0
149,1.22677322526,1.0,2038,1,60.0
150,0.755773225259,1.0,2038,1,60.0
151,1.04277322526,1.0,2038,1,60.0
152,1.43177322526,1.0,2038,1,65.0
153,1.47977322526,1.0,2038,1,65.0
154,1.13777322526,1.0,2038,1,65.0
155,0.786773225259,1.0,2038,1,65.0
156,0.749773225259,1.0,2038,1,65.0
157,0.718773225259,1.0,2038,1,65.0
158,0.856773225259,1.0,2038,1,100.0
159,0.906773225259,1.0,2038,1,100.0
0,1.58952774391,0.0,2039,-1,0.0
1,0.87352774391,0.0,2039,-1,0.0
2,0.89052774391,0.0,2039,-1,35.0
3,1.34552774391,0.0,2039,-1,35.0
4,1.03652774391,0.0,2039,-1,35.0
5,0.80852774391,0.0,2039,-1,35.0
6,0.96352774391,0.0,2039,-1,35.0
7,0.70852774391,0.0,2039,-1,35.0
8,1.19552774391,0.0,2039,-1,40.0
9,0.95952774391,0.0,2039,-1,40.0
10,1.50652774391,0.0,2039,-1,40.0
11,1.15152774391,0.0,2039,-1,40.0
12,0.85852774391,0.0,2039,-1,40.0
13,1.05452774391,0.0,2039,-1,40.0
14,0.92352774391,0.0,2039,-1,40.0
15,1.04552774391,0.0,2039,-1,40.0
16,1.15152774391,0.0,2039,-1,40.0
17,0.89752774391,0.0,2039,-1,40.0
18,2.44252774391,0.0,2039,-1,45.0
19,1.05352774391,0.0,2039,-1,45.0
20,1.24652774391,0.0,2039,-1,45.0
21,0.782527743914,1.0,2039,-1,45.0
22,0.911527743914,1.0,2039,-1,45.0
23,1.90852774391,0.0,2039,-1,45.0
24,1.26252774391,1.0,2039,-1,45.0
25,0.74352774391,0.0,2039,-1,45.0
26,0.84252774391,0.0,2039,-1,45.0
27,1.05352774391,1.0,2039,-1,45.0
28,5.31052774392,1.0,2039,-1,45.0
29,1.31252774391,0.0,2039,-1,45.0
30,1.29852774391,1.0,2039,-1,45.0
31,2.60352774391,1.0,2039,-1,45.0
32,1.00152774391,1.0,2039,-1,50.0
33,1.53952774391,1.0,2039,-1,50.0
34,0.81452774391,0.0,2039,-1,50.0
35,2.25552774391,1.0,2039,-1,50.0
36,1.38652774391,1.0,2039,-1,50.0
37,0.94152774391,0.0,2039,-1,50.0
38,0.78052774391,0.0,2039,-1,50.0
39,1.06752774391,1.0,2039,-1,50.0
40,1.52652774391,1.0,2039,-1,50.0
41,0.78852774391,0.0,2039,-1,50.0
42,1.23352774391,1.0,2039,-1,50.0
43,0.760527743914,1.0,2039,-1,50.0
44,1.07552774391,1.0,2039,-1,50.0
45,1.32052774391,1.0,2039,-1,50.0
46,1.15052774391,1.0,2039,-1,50.0
47,0.738527743914,1.0,2039,-1,50.0
48,0.868527743914,1.0,2039,-1,55.0
49,1.87752774391,1.0,2039,-1,55.0
50,1.14052774391,1.0,2039,-1,55.0
51,0.755527743914,1.0,2039,-1,55.0
52,0.980527743914,1.0,2039,-1,55.0
53,1.93552774391,1.0,2039,-1,55.0
54,1.33852774391,1.0,2039,-1,55.0
55,0.871527743914,1.0,2039,-1,55.0
56,1.04352774391,1.0,2039,-1,55.0
57,0.963527743914,1.0,2039,-1,55.0
58,0.763527743914,1.0,2039,-1,55.0
59,1.44252774391,1.0,2039,-1,55.0
60,1.87352774391,1.0,2039,-1,55.0
61,1.05752774391,1.0,2039,-1,55.0
62,0.922527743914,1.0,2039,-1,60.0
63,0.840527743914,1.0,2039,-1,60.0
64,1.21052774391,1.0,2039,-1,60.0
65,1.20352774391,1.0,2039,-1,60.0
66,0.950527743914,1.0,2039,-1,60.0
67,0.699527743914,1.0,2039,-1,60.0
68,1.22252774391,1.0,2039,-1,60.0
69,0.963527743914,1.0,2039,-1,60.0
70,0.700527743914,1.0,2039,-1,60.0
71,0.789527743914,1.0,2039,-1,60.0
72,0.822527743914,1.0,2039,-1,65.0
73,1.40152774391,1.0,2039,-1,65.0
74,0.818527743914,1.0,2039,-1,65.0
75,1.30452774391,1.0,2039,-1,65.0
76,1.35952774391,1.0,2039,-1,65.0
77,0.842527743914,1.0,2039,-1,65.0
78,1.28152774391,1.0,2039,-1,100.0
79,0.772527743914,1.0,2039,-1,100.0
80,0.86652774391,0.0,2039,1,0.0
81,0.70652774391,0.0,2039,1,0.0
82,0.79452774391,0.0,2039,1,35.0
83,0.94652774391,0.0,2039,1,35.0
84,0.95452774391,0.0,2039,1,35.0
85,0.75852774391,0.0,2039,1,35.0
86,0.75752774391,0.0,2039,1,35.0
87,0.80652774391,0.0,2039,1,35.0
88,1.77752774391,0.0,2039,1,40.0
89,2.72652774391,0.0,2039,1,40.0
90,0.97352774391,0.0,2039,1,40.0
91,0.928527743914,1.0,2039,1,40.0
92,1.38852774391,0.0,2039,1,40.0
93,1.20152774391,0.0,2039,1,40.0
94,1.05252774391,0.0,2039,1,40.0
95,0.77252774391,0.0,2039,1,40.0
96,1.38352774391,0.0,2039,1,40.0
97,1.19852774391,0.0,2039,1,40.0
98,0.872527743914,1.0,2039,1,45.0
99,1.68752774391,1.0,2039,1,45.0
100,1.38552774391,1.0,2039,1,45.0
101,1.94052774391,0.0,2039,1,45.0
102,1.38352774391,0.0,2039,1,45.0
103,1.27852774391,1.0,2039,1,45.0
104,0.943527743914,1.0,2039,1,45.0
105,1.90452774391,0.0,2039,1,45.0
106,0.92552774391,0.0,2039,1,45.0
107,1.18452774391,0.0,2039,1,45.0
108,0.907527743914,1.0,2039,1,45.0
109,1.42952774391,0.0,2039,1,45.0
110,1.55652774391,1.0,2039,1,45.0
111,0.93552774391,0.0,2039,1,45.0
112,1.46952774391,1.0,2039,1,50.0
113,1.04852774391,1.0,2039,1,50.0
114,0.740527743914,1.0,2039,1,50.0
115,2.40052774391,1.0,2039,1,50.0
116,2.81552774391,1.0,2039,1,50.0
117,1.72452774391,1.0,2039,1,50.0
118,0.994527743914,1.0,2039,1,50.0
119,0.899527743914,1.0,2039,1,50.0
120,0.914527743914,1.0,2039,1,50.0
121,1.73352774391,1.0,2039,1,50.0
122,1.52452774391,0.0,2039,1,50.0
123,0.687527743914,1.0,2039,1,50.0
124,2.09752774391,0.0,2039,1,50.0
125,1.88652774391,1.0,2039,1,50.0
126,1.08052774391,1.0,2039,1,50.0
127,2.62252774391,0.0,2039,1,50.0
128,1.57352774391,1.0,2039,1,55.0
129,1.20652774391,1.0,2039,1,55.0
130,2.07052774391,1.0,2039,1,55.0
131,1.27152774391,1.0,2039,1,55.0
132,1.35152774391,1.0,2039,1,55.0
133,3.04752774391,0.0,2039,1,55.0
134,0.733527743914,1.0,2039,1,55.0
135,0.965527743914,1.0,2039,1,55.0
136,0.946527743914,1.0,2039,1,55.0
137,0.908527743914,1.0,2039,1,55.0
138,1.46352774391,1.0,2039,1,55.0
139,0.895527743914,1.0,2039,1,55.0
140,1.46052774391,1.0,2039,1,55.0
141,0.798527743914,1.0,2039,1,55.0
142,0.898527743914,1.0,2039,1,60.0
143,1.05652774391,1.0,2039,1,60.0
144,1.38952774391,1.0,2039,1,60.0
145,1.00452774391,1.0,2039,1,60.0
146,1.20952774391,1.0,2039,1,60.0
147,0.854527743914,1.0,2039,1,60.0
148,1.13452774391,1.0,2039,1,60.0
149,0.739527743914,1.0,2039,1,60.0
150,1.18052774391,1.0,2039,1,60.0
151,0.720527743914,1.0,2039,1,60.0
152,0.900527743914,1.0,2039,1,65.0
153,0.828527743914,1.0,2039,1,65.0
154,0.75052774391,0.0,2039,1,65.0
155,0.787527743914,1.0,2039,1,65.0
156,1.34252774391,1.0,2039,1,65.0
157,0.956527743914,1.0,2039,1,65.0
158,1.07252774391,1.0,2039,1,100.0
159,1.11952774391,1.0,2039,1,100.0
0,1.27585565064,0.0,2040,-1,0.0
1,1.44085565064,0.0,2040,-1,0.0
2,1.30385565064,0.0,2040,-1,35.0
3,1.00785565064,0.0,2040,-1,35.0
4,1.39885565064,0.0,2040,-1,35.0
5,2.09085565064,0.0,2040,-1,35.0
6,1.37285565064,0.0,2040,-1,35.0
7,1.38685565064,0.0,2040,-1,35.0
8,1.94885565064,0.0,2040,-1,40.0
9,1.02885565064,1.0,2040,-1,40.0
10,2.42785565064,0.0,2040,-1,40.0
11,2.40385565064,0.0,2040,-1,40.0
12,1.32685565064,0.0,2040,-1,40.0
13,1.07785565064,0.0,2040,-1,40.0
14,1.02485565064,0.0,2040,-1,40.0
15,1.49085565064,0.0,2040,-1,40.0
16,1.35685565064,0.0,2040,-1,40.0
17,1.45085565064,0.0,2040,-1,40.0
18,1.21685565064,0.0,2040,-1,45.0
19,1.07485565064,1.0,2040,-1,45.0
20,1.93085565064,0.0,2040,-1,45.0
21,1.64085565064,0.0,2040,-1,45.0
22,1.37085565064,0.0,2040,-1,45.0
23,1.25685565064,0.0,2040,-1,45.0
24,3.67785565064,0.0,2040,-1,45.0
25,2.04985565064,0.0,2040,-1,45.0
26,4.00885565064,1.0,2040,-1,45.0
27,2.88385565064,0.0,2040,-1,45.0
28,1.05285565064,0.0,2040,-1,45.0
29,1.15985565064,1.0,2040,-1,45.0
30,2.30985565064,0.0,2040,-1,45.0
31,3.19685565064,0.0,2040,-1,45.0
32,3.18685565064,0.0,2040,-1,50.0
33,1.63085565064,1.0,2040,-1,50.0
34,1.44085565064,1.0,2040,-1,50.0
35,2.71285565064,1.0,2040,-1,50.0
36,4.48585565064,0.0,2040,-1,50.0
37,1.59385565064,0.0,2040,-1,50.0
38,1.62985565064,1.0,2040,-1,50.0
39,1.02085565064,1.0,2040,-1,50.0
40,1.70185565064,1.0,2040,-1,50.0
41,1.35885565064,1.0,2040,-1,50.0
42,1.96385565064,1.0,2040,-1,50.0
43,1.00285565064,1.0,2040,-1,50.0
44,1.41485565064,1.0,2040,-1,50.0
45,2.72085565064,1.0,2040,-1,50.0
46,1.63285565064,0.0,2040,-1,50.0
47,3.34185565064,0.0,2040,-1,50.0
48,1.41685565064,1.0,2040,-1,55.0
49,3.43285565064,1.0,2040,-1,55.0
50,1.16485565064,1.0,2040,-1,55.0
51,1.50785565064,1.0,2040,-1,55.0
52,1.06485565064,1.0,2040,-1,55.0
53,1.51285565064,1.0,2040,-1,55.0
54,1.40385565064,1.0,2040,-1,55.0
55,1.74885565064,1.0,2040,-1,55.0
56,1.28685565064,1.0,2040,-1,55.0
57,1.06285565064,1.0,2040,-1,55.0
58,1.24485565064,1.0,2040,-1,55.0
59,0.962855650641,1.0,2040,-1,55.0
60,3.01985565064,1.0,2040,-1,55.0
61,1.29785565064,1.0,2040,-1,55.0
62,1.09885565064,1.0,2040,-1,60.0
63,1.00885565064,1.0,2040,-1,60.0
64,1.23285565064,1.0,2040,-1,60.0
65,2.49385565064,1.0,2040,-1,60.0
66,0.925855650641,1.0,2040,-1,60.0
67,0.983855650641,1.0,2040,-1,60.0
68,1.75185565064,1.0,2040,-1,60.0
69,0.876855650641,1.0,2040,-1,60.0
70,1.34285565064,1.0,2040,-1,60.0
71,1.43085565064,1.0,2040,-1,60.0
72,2.04485565064,1.0,2040,-1,65.0
73,1.38785565064,1.0,2040,-1,65.0
74,1.42985565064,1.0,2040,-1,65.0
75,1.32685565064,1.0,2040,-1,65.0
76,1.27685565064,1.0,2040,-1,65.0
77,1.62085565064,1.0,2040,-1,65.0
78,1.39285565064,1.0,2040,-1,100.0
79,1.50485565064,1.0,2040,-1,100.0
80,1.43885565064,0.0,2040,1,0.0
81,1.18185565064,0.0,2040,1,0.0
82,1.35085565064,0.0,2040,1,35.0
83,1.17085565064,0.0,2040,1,35.0
84,1.18885565064,0.0,2040,1,35.0
85,2.16385565064,0.0,2040,1,35.0
86,1.55585565064,0.0,2040,1,35.0
87,1.42485565064,0.0,2040,1,35.0
88,1.39485565064,0.0,2040,1,40.0
89,2.91885565064,0.0,2040,1,40.0
90,1.85085565064,0.0,2040,1,40.0
91,1.58885565064,0.0,2040,1,40.0
92,1.81685565064,0.0,2040,1,40.0
93,1.47185565064,1.0,2040,1,40.0
94,1.48785565064,0.0,2040,1,40.0
95,4.47485565064,0.0,2040,1,40.0
96,2.06085565064,0.0,2040,1,40.0
97,1.95085565064,0.0,2040,1,40.0
98,3.19185565064,0.0,2040,1,45.0
99,1.23385565064,1.0,2040,1,45.0
100,1.71485565064,0.0,2040,1,45.0
101,3.46085565064,0.0,2040,1,45.0
102,2.59685565064,1.0,2040,1,45.0
103,2.13585565064,0.0,2040,1,45.0
104,5.10285565064,0.0,2040,1,45.0
105,1.57185565064,1.0,2040,1,45.0
106,2.27985565064,0.0,2040,1,45.0
107,3.08785565064,0.0,2040,1,45.0
108,4.52685565064,0.0,2040,1,45.0
109,1.41385565064,1.0,2040,1,45.0
110,1.25385565064,0.0,2040,1,45.0
111,2.73685565064,0.0,2040,1,45.0
112,1.53385565064,1.0,2040,1,50.0
113,1.79185565064,1.0,2040,1,50.0
114,0.888855650641,1.0,2040,1,50.0
115,1.34485565064,1.0,2040,1,50.0
116,1.62085565064,1.0,2040,1,50.0
117,1.54485565064,1.0,2040,1,50.0
118,1.41085565064,1.0,2040,1,50.0
119,1.96385565064,1.0,2040,1,50.0
120,6.17385565064,0.0,2040,1,50.0
121,1.62985565064,1.0,2040,1,50.0
122,3.10285565064,0.0,2040,1,50.0
123,1.49485565064,1.0,2040,1,50.0
124,1.12985565064,1.0,2040,1,50.0
125,1.34585565064,1.0,2040,1,50.0
126,1.93785565064,1.0,2040,1,50.0
127,1.72885565064,1.0,2040,1,50.0
128,1.80585565064,1.0,2040,1,55.0
129,1.36685565064,1.0,2040,1,55.0
130,2.52585565064,1.0,2040,1,55.0
131,1.16985565064,1.0,2040,1,55.0
132,1.84985565064,1.0,2040,1,55.0
133,2.27685565064,1.0,2040,1,55.0
134,0.994855650641,1.0,2040,1,55.0
135,1.43485565064,1.0,2040,1,55.0
136,1.19685565064,1.0,2040,1,55.0
137,1.06785565064,1.0,2040,1,55.0
138,1.40585565064,1.0,2040,1,55.0
139,2.11785565064,1.0,2040,1,55.0
140,1.03485565064,1.0,2040,1,55.0
141,1.34785565064,1.0,2040,1,55.0
142,0.997855650641,1.0,2040,1,60.0
143,1.08885565064,1.0,2040,1,60.0
144,1.05785565064,1.0,2040,1,60.0
145,0.970855650641,1.0,2040,1,60.0
146,0.875855650641,1.0,2040,1,60.0
147,1.62585565064,1.0,2040,1,60.0
148,0.948855650641,1.0,2040,1,60.0
149,1.05485565064,1.0,2040,1,60.0
150,1.22785565064,1.0,2040,1,60.0
151,0.882855650641,1.0,2040,1,60.0
152,1.14585565064,1.0,2040,1,65.0
153,1.07585565064,1.0,2040,1,65.0
154,1.04085565064,1.0,2040,1,65.0
155,0.981855650641,1.0,2040,1,65.0
156,1.95485565064,1.0,2040,1,65.0
157,0.966855650641,1.0,2040,1,65.0
158,1.35385565064,1.0,2040,1,100.0
159,0.973855650641,1.0,2040,1,100.0
0,1.96701543136,0.0,2041,-1,0.0
1,0.967015431356,0.0,2041,-1,0.0
2,1.20301543136,0.0,2041,-1,35.0
3,1.00001543136,0.0,2041,-1,35.0
4,1.01201543136,0.0,2041,-1,35.0
5,1.03001543136,0.0,2041,-1,35.0
6,0.999015431356,0.0,2041,-1,35.0
7,1.03801543136,0.0,2041,-1,35.0
8,1.35901543136,0.0,2041,-1,40.0
9,1.76601543136,0.0,2041,-1,40.0
10,1.99701543136,0.0,2041,-1,40.0
11,1.29601543136,0.0,2041,-1,40.0
12,1.26001543136,0.0,2041,-1,40.0
13,1.25701543136,0.0,2041,-1,40.0
14,2.02501543136,0.0,2041,-1,40.0
15,1.15401543136,0.0,2041,-1,40.0
16,1.23901543136,0.0,2041,-1,40.0
17,1.34701543136,0.0,2041,-1,40.0
18,2.09301543136,1.0,2041,-1,45.0
19,1.06401543136,0.0,2041,-1,45.0
20,1.25301543136,0.0,2041,-1,45.0
21,1.69701543136,1.0,2041,-1,45.0
22,1.69601543136,0.0,2041,-1,45.0
23,2.49001543136,0.0,2041,-1,45.0
24,1.50301543136,1.0,2041,-1,45.0
25,2.41101543136,0.0,2041,-1,45.0
26,2.11001543136,0.0,2041,-1,45.0
27,1.40901543136,1.0,2041,-1,45.0
28,2.60801543136,0.0,2041,-1,45.0
29,1.50901543136,1.0,2041,-1,45.0
30,1.16301543136,0.0,2041,-1,45.0
31,5.00301543136,0.0,2041,-1,45.0
32,1.15101543136,0.0,2041,-1,50.0
33,2.89301543136,0.0,2041,-1,50.0
34,1.23501543136,1.0,2041,-1,50.0
35,2.81601543136,1.0,2041,-1,50.0
36,3.47501543136,1.0,2041,-1,50.0
37,0.964015431356,0.0,2041,-1,50.0
38,1.96701543136,0.0,2041,-1,50.0
39,2.35901543136,0.0,2041,-1,50.0
40,2.60101543136,0.0,2041,-1,50.0
41,1.94501543136,0.0,2041,-1,50.0
42,1.52701543136,1.0,2041,-1,50.0
43,1.01801543136,0.0,2041,-1,50.0
44,2.12001543136,0.0,2041,-1,50.0
45,1.06601543136,0.0,2041,-1,50.0
46,2.75701543136,1.0,2041,-1,50.0
47,1.30001543136,1.0,2041,-1,50.0
48,4.28001543136,1.0,2041,-1,55.0
49,1.11401543136,1.0,2041,-1,55.0
50,3.19901543136,1.0,2041,-1,55.0
51,1.34801543136,1.0,2041,-1,55.0
52,5.00001543136,1.0,2041,-1,55.0
53,1.31701543136,1.0,2041,-1,55.0
54,0.91501543136,1.0,2041,-1,55.0
55,1.07101543136,1.0,2041,-1,55.0
56,1.26401543136,1.0,2041,-1,55.0
57,1.10501543136,1.0,2041,-1,55.0
58,1.53101543136,1.0,2041,-1,55.0
59,2.86001543136,1.0,2041,-1,55.0
60,1.37601543136,1.0,2041,-1,55.0
61,1.55901543136,1.0,2041,-1,55.0
62,1.75401543136,1.0,2041,-1,60.0
63,1.51301543136,1.0,2041,-1,60.0
64,1.50701543136,1.0,2041,-1,60.0
65,1.25001543136,1.0,2041,-1,60.0
66,1.64801543136,1.0,2041,-1,60.0
67,1.27901543136,1.0,2041,-1,60.0
68,2.84601543136,1.0,2041,-1,60.0
69,1.19301543136,1.0,2041,-1,60.0
70,1.31201543136,1.0,2041,-1,60.0
71,1.15901543136,1.0,2041,-1,60.0
72,1.42001543136,1.0,2041,-1,65.0
73,1.11701543136,1.0,2041,-1,65.0
74,1.76201543136,1.0,2041,-1,65.0
75,0.98101543136,1.0,2041,-1,65.0
76,0.97101543136,1.0,2041,-1,65.0
77,1.14601543136,1.0,2041,-1,65.0
78,1.05101543136,1.0,2041,-1,100.0
79,1.83701543136,1.0,2041,-1,100.0
80,1.04701543136,0.0,2041,1,0.0
81,1.14301543136,0.0,2041,1,0.0
82,1.15101543136,0.0,2041,1,35.0
83,1.26101543136,0.0,2041,1,35.0
84,1.23401543136,0.0,2041,1,35.0
85,1.04501543136,0.0,2041,1,35.0
86,1.11101543136,0.0,2041,1,35.0
87,1.22401543136,0.0,2041,1,35.0
88,1.03501543136,0.0,2041,1,40.0
89,1.33801543136,0.0,2041,1,40.0
90,1.38201543136,0.0,2041,1,40.0
91,1.01801543136,0.0,2041,1,40.0
92,1.05801543136,0.0,2041,1,40.0
93,1.74501543136,0.0,2041,1,40.0
94,0.996015431356,0.0,2041,1,40.0
95,3.31201543136,1.0,2041,1,40.0
96,1.70601543136,0.0,2041,1,40.0
97,1.51701543136,0.0,2041,1,40.0
98,3.51601543136,1.0,2041,1,45.0
99,1.28201543136,0.0,2041,1,45.0
100,2.25601543136,1.0,2041,1,45.0
101,2.12101543136,0.0,2041,1,45.0
102,1.29201543136,0.0,2041,1,45.0
103,1.33401543136,0.0,2041,1,45.0
104,1.59701543136,0.0,2041,1,45.0
105,1.07901543136,0.0,2041,1,45.0
106,1.46101543136,0.0,2041,1,45.0
107,1.13401543136,0.0,2041,1,45.0
108,1.97501543136,0.0,2041,1,45.0
109,1.72301543136,0.0,2041,1,45.0
110,1.58401543136,0.0,2041,1,45.0
111,1.63101543136,0.0,2041,1,45.0
112,3.34401543136,0.0,2041,1,50.0
113,2.38301543136,1.0,2041,1,50.0
114,2.92101543136,1.0,2041,1,50.0
115,1.54701543136,0.0,2041,1,50.0
116,1.08301543136,1.0,2041,1,50.0
117,1.79801543136,1.0,2041,1,50.0
118,1.41901543136,1.0,2041,1,50.0
119,3.41301543136,0.0,2041,1,50.0
120,1.67101543136,0.0,2041,1,50.0
121,2.06801543136,1.0,2041,1,50.0
122,2.76601543136,1.0,2041,1,50.0
123,2.23801543136,1.0,2041,1,50.0
124,3.43801543136,1.0,2041,1,50.0
125,1.10201543136,0.0,2041,1,50.0
126,3.57601543136,0.0,2041,1,50.0
127,5.52301543136,1.0,2041,1,50.0
128,1.38401543136,1.0,2041,1,55.0
129,1.93301543136,1.0,2041,1,55.0
130,1.51501543136,0.0,2041,1,55.0
131,1.15601543136,1.0,2041,1,55.0
132,1.57701543136,1.0,2041,1,55.0
133,2.49501543136,0.0,2041,1,55.0
134,2.43701543136,1.0,2041,1,55.0
135,2.83201543136,1.0,2041,1,55.0
136,3.24701543136,1.0,2041,1,55.0
137,1.57301543136,1.0,2041,1,55.0
138,2.08101543136,1.0,2041,1,55.0
139,1.80401543136,1.0,2041,1,55.0
140,1.54101543136,0.0,2041,1,55.0
141,2.45301543136,1.0,2041,1,55.0
142,4.04001543136,0.0,2041,1,60.0
143,1.69701543136,0.0,2041,1,60.0
144,2.90901543136,0.0,2041,1,60.0
145,1.19301543136,1.0,2041,1,60.0
146,1.28101543136,1.0,2041,1,60.0
147,2.58501543136,0.0,2041,1,60.0
148,2.27901543136,0.0,2041,1,60.0
149,1.95901543136,1.0,2041,1,60.0
150,4.38401543136,1.0,2041,1,60.0
151,1.24801543136,1.0,2041,1,60.0
152,1.61401543136,1.0,2041,1,65.0
153,1.24401543136,1.0,2041,1,65.0
154,1.06101543136,1.0,2041,1,65.0
155,1.39901543136,1.0,2041,1,65.0
156,1.30901543136,1.0,2041,1,65.0
157,1.92901543136,1.0,2041,1,65.0
158,1.06701543136,1.0,2041,1,100.0
159,1.49001543136,1.0,2041,1,100.0
0,1.63878408035,0.0,2042,-1,0.0
1,1.25178408035,0.0,2042,-1,0.0
2,0.943784080345,0.0,2042,-1,35.0
3,1.13878408035,0.0,2042,-1,35.0
4,0.891784080345,0.0,2042,-1,35.0
5,1.31378408035,0.0,2042,-1,35.0
6,1.28878408035,0.0,2042,-1,35.0
7,0.981784080345,0.0,2042,-1,35.0
8,1.40878408035,0.0,2042,-1,40.0
9,2.09178408035,0.0,2042,-1,40.0
10,1.15778408035,0.0,2042,-1,40.0
11,2.38378408035,0.0,2042,-1,40.0
12,1.66878408035,0.0,2042,-1,40.0
13,2.63978408035,0.0,2042,-1,40.0
14,1.66878408035,0.0,2042,-1,40.0
15,2.38078408035,0.0,2042,-1,40.0
16,3.96378408035,0.0,2042,-1,40.0
17,2.02578408035,0.0,2042,-1,40.0
18,2.45678408035,0.0,2042,-1,45.0
19,1.72078408035,0.0,2042,-1,45.0
20,1.88778408035,0.0,2042,-1,45.0
21,1.62178408035,0.0,2042,-1,45.0
22,3.19378408035,0.0,2042,-1,45.0
23,1.21078408035,0.0,2042,-1,45.0
24,1.29678408035,0.0,2042,-1,45.0
25,1.56278408035,0.0,2042,-1,45.0
26,1.28978408035,0.0,2042,-1,45.0
27,1.59778408035,0.0,2042,-1,45.0
28,0.947784080345,0.0,2042,-1,45.0
29,1.23978408035,0.0,2042,-1,45.0
30,3.34978408035,0.0,2042,-1,45.0
31,2.22178408035,0.0,2042,-1,45.0
32,1.93878408035,1.0,2042,-1,50.0
33,2.33178408035,0.0,2042,-1,50.0
34,2.69778408035,0.0,2042,-1,50.0
35,1.24778408035,0.0,2042,-1,50.0
36,6.08578408035,0.0,2042,-1,50.0
37,1.24878408035,0.0,2042,-1,50.0
38,1.26578408035,0.0,2042,-1,50.0
39,1.92278408035,0.0,2042,-1,50.0
40,3.49978408035,1.0,2042,-1,50.0
41,2.92478408035,0.0,2042,-1,50.0
42,4.19278408035,0.0,2042,-1,50.0
43,1.33578408035,0.0,2042,-1,50.0
44,2.20178408035,0.0,2042,-1,50.0
45,3.60978408035,1.0,2042,-1,50.0
46,3.10578408035,0.0,2042,-1,50.0
47,1.23778408035,0.0,2042,-1,50.0
48,2.54178408035,1.0,2042,-1,55.0
49,1.84078408035,1.0,2042,-1,55.0
50,1.80278408035,1.0,2042,-1,55.0
51,4.03078408035,1.0,2042,-1,55.0
52,2.32978408035,1.0,2042,-1,55.0
53,1.92578408035,1.0,2042,-1,55.0
54,1.38678408035,1.0,2042,-1,55.0
55,1.25078408035,1.0,2042,-1,55.0
56,1.62278408035,1.0,2042,-1,55.0
57,1.54278408035,1.0,2042,-1,55.0
58,1.66278408035,1.0,2042,-1,55.0
59,2.34278408035,1.0,2042,-1,55.0
60,1.74278408035,1.0,2042,-1,55.0
61,1.08978408035,1.0,2042,-1,55.0
62,1.40078408035,1.0,2042,-1,60.0
63,1.39978408035,1.0,2042,-1,60.0
64,1.75978408035,1.0,2042,-1,60.0
65,1.55578408035,1.0,2042,-1,60.0
66,1.83978408035,1.0,2042,-1,60.0
67,1.31078408035,1.0,2042,-1,60.0
68,1.08378408035,1.0,2042,-1,60.0
69,1.70778408035,1.0,2042,-1,60.0
70,1.69578408035,1.0,2042,-1,60.0
71,1.38478408035,1.0,2042,-1,60.0
72,1.21278408035,1.0,2042,-1,65.0
73,1.01778408035,1.0,2042,-1,65.0
74,1.85878408035,1.0,2042,-1,65.0
75,0.988784080349,1.0,2042,-1,65.0
76,1.91378408035,1.0,2042,-1,65.0
77,0.942784080349,1.0,2042,-1,65.0
78,1.18978408035,1.0,2042,-1,100.0
79,1.02878408035,1.0,2042,-1,100.0
80,1.34578408035,0.0,2042,1,0.0
81,1.11378408035,0.0,2042,1,0.0
82,1.62278408035,0.0,2042,1,35.0
83,1.13478408035,0.0,2042,1,35.0
84,0.983784080345,0.0,2042,1,35.0
85,0.923784080345,0.0,2042,1,35.0
86,1.10778408035,0.0,2042,1,35.0
87,2.72878408035,0.0,2042,1,35.0
88,1.93178408035,0.0,2042,1,40.0
89,1.53378408035,0.0,2042,1,40.0
90,1.47078408035,0.0,2042,1,40.0
91,2.27278408035,1.0,2042,1,40.0
92,1.10278408035,0.0,2042,1,40.0
93,2.22878408035,0.0,2042,1,40.0
94,1.20578408035,0.0,2042,1,40.0
95,1.06278408035,1.0,2042,1,40.0
96,1.57578408035,0.0,2042,1,40.0
97,1.04378408035,0.0,2042,1,40.0
98,1.42378408035,0.0,2042,1,45.0
99,1.74278408035,0.0,2042,1,45.0
100,5.06778408035,0.0,2042,1,45.0
101,1.10478408035,0.0,2042,1,45.0
102,1.33478408035,0.0,2042,1,45.0
103,1.80978408035,0.0,2042,1,45.0
104,1.03678408035,0.0,2042,1,45.0
105,2.00478408035,0.0,2042,1,45.0
106,1.39378408035,0.0,2042,1,45.0
107,2.40878408035,1.0,2042,1,45.0
108,1.38378408035,0.0,2042,1,45.0
109,4.25278408035,0.0,2042,1,45.0
110,1.47178408035,1.0,2042,1,45.0
111,2.02178408035,0.0,2042,1,45.0
112,3.43678408035,1.0,2042,1,50.0
113,2.78278408035,0.0,2042,1,50.0
114,0.998784080345,0.0,2042,1,50.0
115,1.84578408035,1.0,2042,1,50.0
116,1.19778408035,1.0,2042,1,50.0
117,1.03678408035,1.0,2042,1,50.0
118,2.71178408035,1.0,2042,1,50.0
119,2.78278408035,1.0,2042,1,50.0
120,2.13878408035,1.0,2042,1,50.0
121,1.79878408035,0.0,2042,1,50.0
122,2.17378408035,0.0,2042,1,50.0
123,1.71478408035,0.0,2042,1,50.0
124,2.69678408035,1.0,2042,1,50.0
125,1.26078408035,0.0,2042,1,50.0
126,1.99178408035,1.0,2042,1,50.0
127,2.20178408035,0.0,2042,1,50.0
128,2.58078408035,1.0,2042,1,55.0
129,1.70178408035,1.0,2042,1,55.0
130,2.98578408035,1.0,2042,1,55.0
131,4.86378408035,1.0,2042,1,55.0
132,1.42978408035,1.0,2042,1,55.0
133,2.28478408035,1.0,2042,1,55.0
134,2.15278408035,1.0,2042,1,55.0
135,2.75178408035,1.0,2042,1,55.0
136,1.18078408035,1.0,2042,1,55.0
137,1.12878408035,1.0,2042,1,55.0
138,1.35678408035,1.0,2042,1,55.0
139,1.07778408035,1.0,2042,1,55.0
140,1.84878408035,1.0,2042,1,55.0
141,1.31578408035,0.0,2042,1,55.0
142,1.60578408035,1.0,2042,1,60.0
143,0.904784080349,1.0,2042,1,60.0
144,1.22578408035,1.0,2042,1,60.0
145,2.48778408035,1.0,2042,1,60.0
146,4.90178408035,1.0,2042,1,60.0
147,1.40278408035,1.0,2042,1,60.0
148,1.31878408035,1.0,2042,1,60.0
149,2.40378408035,1.0,2042,1,60.0
150,1.16178408035,1.0,2042,1,60.0
151,1.67478408035,1.0,2042,1,60.0
152,1.26678408035,1.0,2042,1,65.0
153,0.985784080349,1.0,2042,1,65.0
154,1.22078408035,1.0,2042,1,65.0
155,1.33878408035,1.0,2042,1,65.0
156,1.92578408035,1.0,2042,1,65.0
157,1.26478408035,1.0,2042,1,65.0
158,1.26978408035,1.0,2042,1,100.0
159,1.05378408035,1.0,2042,1,100.0
0,0.926363922071,0.0,2043,-1,0.0
1,1.38236392207,0.0,2043,-1,0.0
2,1.68136392207,0.0,2043,-1,35.0
3,1.19536392207,0.0,2043,-1,35.0
4,1.41836392207,0.0,2043,-1,35.0
5,1.29636392207,0.0,2043,-1,35.0
6,1.29636392207,0.0,2043,-1,35.0
7,0.920363922071,0.0,2043,-1,35.0
8,1.80836392207,0.0,2043,-1,40.0
9,1.25436392207,0.0,2043,-1,40.0
10,1.12536392207,0.0,2043,-1,40.0
11,1.52036392207,0.0,2043,-1,40.0
12,1.18136392207,0.0,2043,-1,40.0
13,0.991363922071,0.0,2043,-1,40.0
14,1.12536392207,0.0,2043,-1,40.0
15,1.32436392207,0.0,2043,-1,40.0
16,1.06036392207,0.0,2043,-1,40.0
17,1.41336392207,0.0,2043,-1,40.0
18,3.44736392207,0.0,2043,-1,45.0
19,1.71436392207,0.0,2043,-1,45.0
20,1.81336392207,0.0,2043,-1,45.0
21,1.38436392207,0.0,2043,-1,45.0
22,1.02736392207,0.0,2043,-1,45.0
23,1.63236392207,0.0,2043,-1,45.0
24,1.28836392207,0.0,2043,-1,45.0
25,1.44836392207,0.0,2043,-1,45.0
26,2.31236392207,0.0,2043,-1,45.0
27,1.63936392208,1.0,2043,-1,45.0
28,3.03836392207,0.0,2043,-1,45.0
29,1.42136392207,0.0,2043,-1,45.0
30,1.36636392207,0.0,2043,-1,45.0
31,3.13536392207,0.0,2043,-1,45.0
32,1.12436392207,0.0,2043,-1,50.0
33,0.934363922075,1.0,2043,-1,50.0
34,2.82436392208,1.0,2043,-1,50.0
35,3.83336392208,1.0,2043,-1,50.0
36,2.19136392208,1.0,2043,-1,50.0
37,1.05236392207,0.0,2043,-1,50.0
38,3.25236392208,1.0,2043,-1,50.0
39,1.85836392208,1.0,2043,-1,50.0
40,1.21836392207,0.0,2043,-1,50.0
41,1.17536392208,1.0,2043,-1,50.0
42,1.34436392207,0.0,2043,-1,50.0
43,1.04536392207,0.0,2043,-1,50.0
44,1.91436392208,1.0,2043,-1,50.0
45,1.67936392208,1.0,2043,-1,50.0
46,1.94136392207,0.0,2043,-1,50.0
47,1.80336392208,1.0,2043,-1,50.0
48,0.982363922075,1.0,2043,-1,55.0
49,1.37136392208,1.0,2043,-1,55.0
50,1.51036392208,1.0,2043,-1,55.0
51,2.39136392208,1.0,2043,-1,55.0
52,1.73536392208,1.0,2043,-1,55.0
53,1.20536392208,1.0,2043,-1,55.0
54,2.45236392208,1.0,2043,-1,55.0
55,4.26736392208,1.0,2043,-1,55.0
56,2.40236392208,1.0,2043,-1,55.0
57,1.27536392208,1.0,2043,-1,55.0
58,0.975363922075,1.0,2043,-1,55.0
59,0.932363922075,1.0,2043,-1,55.0
60,1.89336392208,1.0,2043,-1,55.0
61,1.68836392208,1.0,2043,-1,55.0
62,1.73236392208,1.0,2043,-1,60.0
63,1.63336392208,1.0,2043,-1,60.0
64,2.16436392208,1.0,2043,-1,60.0
65,4.00736392208,1.0,2043,-1,60.0
66,1.30536392208,1.0,2043,-1,60.0
67,3.72236392208,1.0,2043,-1,60.0
68,1.40436392208,1.0,2043,-1,60.0
69,2.28636392208,1.0,2043,-1,60.0
70,1.46836392208,1.0,2043,-1,60.0
71,2.38936392208,1.0,2043,-1,60.0
72,1.89136392208,1.0,2043,-1,65.0
73,1.54636392208,1.0,2043,-1,65.0
74,2.08336392208,1.0,2043,-1,65.0
75,1.19936392208,1.0,2043,-1,65.0
76,1.81936392208,1.0,2043,-1,65.0
77,1.37436392208,1.0,2043,-1,65.0
78,1.02436392208,1.0,2043,-1,100.0
79,1.47136392208,1.0,2043,-1,100.0
80,1.27036392207,0.0,2043,1,0.0
81,1.30736392207,0.0,2043,1,0.0
82,1.51836392207,0.0,2043,1,35.0
83,1.10836392207,0.0,2043,1,35.0
84,1.12736392207,0.0,2043,1,35.0
85,1.24836392207,0.0,2043,1,35.0
86,1.41136392207,0.0,2043,1,35.0
87,1.44036392207,0.0,2043,1,35.0
88,1.09136392207,0.0,2043,1,40.0
89,1.68936392207,0.0,2043,1,40.0
90,1.56336392207,0.0,2043,1,40.0
91,1.40136392207,0.0,2043,1,40.0
92,1.43336392207,0.0,2043,1,40.0
93,2.98036392207,0.0,2043,1,40.0
94,1.28536392207,0.0,2043,1,40.0
95,1.77536392207,0.0,2043,1,40.0
96,0.923363922071,0.0,2043,1,40.0
97,0.914363922071,0.0,2043,1,40.0
98,1.26936392207,0.0,2043,1,45.0
99,1.18936392207,0.0,2043,1,45.0
100,2.48836392207,0.0,2043,1,45.0
101,1.39136392207,0.0,2043,1,45.0
102,1.17836392208,1.0,2043,1,45.0
103,3.02636392207,0.0,2043,1,45.0
104,2.09236392208,1.0,2043,1,45.0
105,1.15736392207,0.0,2043,1,45.0
106,1.69736392207,0.0,2043,1,45.0
107,2.29036392207,0.0,2043,1,45.0
108,1.91336392208,1.0,2043,1,45.0
109,2.26836392207,0.0,2043,1,45.0
110,1.36036392207,0.0,2043,1,45.0
111,1.36636392208,1.0,2043,1,45.0
112,1.19836392208,1.0,2043,1,50.0
113,1.28636392208,1.0,2043,1,50.0
114,2.63036392208,1.0,2043,1,50.0
115,2.18436392208,1.0,2043,1,50.0
116,3.14636392208,1.0,2043,1,50.0
117,2.85136392207,0.0,2043,1,50.0
118,2.13436392208,1.0,2043,1,50.0
119,3.14536392208,1.0,2043,1,50.0
120,1.35936392208,1.0,2043,1,50.0
121,2.02936392208,1.0,2043,1,50.0
122,2.43836392207,0.0,2043,1,50.0
123,1.49936392208,1.0,2043,1,50.0
124,3.53836392208,1.0,2043,1,50.0
125,1.97036392208,1.0,2043,1,50.0
126,1.12336392208,1.0,2043,1,50.0
127,2.87236392207,0.0,2043,1,50.0
128,3.67936392208,1.0,2043,1,55.0
129,1.41236392208,1.0,2043,1,55.0
130,1.65936392208,1.0,2043,1,55.0
131,1.54736392208,1.0,2043,1,55.0
132,2.13536392208,1.0,2043,1,55.0
133,1.19436392208,1.0,2043,1,55.0
134,1.23336392208,1.0,2043,1,55.0
135,1.68036392208,1.0,2043,1,55.0
136,1.45036392208,1.0,2043,1,55.0
137,2.38236392208,1.0,2043,1,55.0
138,2.25536392208,1.0,2043,1,55.0
139,1.65236392208,1.0,2043,1,55.0
140,1.97136392208,1.0,2043,1,55.0
141,1.48336392208,1.0,2043,1,55.0
142,2.25836392208,1.0,2043,1,60.0
143,1.21536392208,1.0,2043,1,60.0
144,1.56836392208,1.0,2043,1,60.0
145,1.50336392208,1.0,2043,1,60.0
146,1.19136392208,1.0,2043,1,60.0
147,1.72736392208,1.0,2043,1,60.0
148,1.46136392208,1.0,2043,1,60.0
149,0.908363922075,1.0,2043,1,60.0
150,2.06136392208,1.0,2043,1,60.0
151,1.16436392208,1.0,2043,1,60.0
152,1.59636392208,1.0,2043,1,65.0
153,1.51836392208,1.0,2043,1,65.0
154,1.14436392208,1.0,2043,1,65.0
155,0.931363922075,1.0,2043,1,65.0
156,1.27636392208,1.0,2043,1,65.0
157,1.09336392208,1.0,2043,1,65.0
158,1.33536392208,1.0,2043,1,100.0
159,1.52036392208,1.0,2043,1,100.0
0,0.940321889466,0.0,2044,-1,0.0
1,1.32532188947,0.0,2044,-1,0.0
2,0.943321889466,0.0,2044,-1,35.0
3,1.28932188947,0.0,2044,-1,35.0
4,1.21432188947,0.0,2044,-1,35.0
5,1.42432188947,0.0,2044,-1,35.0
6,1.30332188947,0.0,2044,-1,35.0
7,1.29932188947,0.0,2044,-1,35.0
8,0.898321889466,0.0,2044,-1,40.0
9,0.983321889466,0.0,2044,-1,40.0
10,0.988321889466,0.0,2044,-1,40.0
11,2.27332188947,0.0,2044,-1,40.0
12,1.02332188947,0.0,2044,-1,40.0
13,1.13032188947,0.0,2044,-1,40.0
14,1.16832188947,0.0,2044,-1,40.0
15,0.958321889466,0.0,2044,-1,40.0
16,1.68832188947,0.0,2044,-1,40.0
17,1.12432188947,1.0,2044,-1,40.0
18,1.62432188947,1.0,2044,-1,45.0
19,0.915321889466,0.0,2044,-1,45.0
20,1.61732188947,0.0,2044,-1,45.0
21,1.50332188947,0.0,2044,-1,45.0
22,1.35232188947,0.0,2044,-1,45.0
23,1.16832188947,0.0,2044,-1,45.0
24,1.15132188947,1.0,2044,-1,45.0
25,1.11932188947,0.0,2044,-1,45.0
26,1.06432188947,0.0,2044,-1,45.0
27,2.04632188947,0.0,2044,-1,45.0
28,1.13232188947,0.0,2044,-1,45.0
29,1.17732188947,0.0,2044,-1,45.0
30,1.13632188947,0.0,2044,-1,45.0
31,1.53032188947,0.0,2044,-1,45.0
32,1.48532188947,0.0,2044,-1,50.0
33,1.88832188947,0.0,2044,-1,50.0
34,2.20432188947,0.0,2044,-1,50.0
35,2.09032188947,0.0,2044,-1,50.0
36,1.68932188947,1.0,2044,-1,50.0
37,2.98932188947,1.0,2044,-1,50.0
38,1.20632188947,0.0,2044,-1,50.0
39,4.74132188947,0.0,2044,-1,50.0
40,3.03032188947,1.0,2044,-1,50.0
41,1.57732188947,1.0,2044,-1,50.0
42,1.73032188947,0.0,2044,-1,50.0
43,1.76732188947,1.0,2044,-1,50.0
44,1.00832188947,1.0,2044,-1,50.0
45,1.92732188947,0.0,2044,-1,50.0
46,1.23832188947,0.0,2044,-1,50.0
47,1.52532188947,0.0,2044,-1,50.0
48,1.01132188947,0.0,2044,-1,55.0
49,1.65832188947,0.0,2044,-1,55.0
50,1.86532188947,1.0,2044,-1,55.0
51,0.91032188947,1.0,2044,-1,55.0
52,1.04132188947,1.0,2044,-1,55.0
53,1.31832188947,0.0,2044,-1,55.0
54,1.53632188947,1.0,2044,-1,55.0
55,1.15732188947,0.0,2044,-1,55.0
56,1.93032188947,1.0,2044,-1,55.0
57,1.36432188947,1.0,2044,-1,55.0
58,1.06732188947,0.0,2044,-1,55.0
59,0.93732188947,1.0,2044,-1,55.0
60,1.65432188947,1.0,2044,-1,55.0
61,1.16432188947,1.0,2044,-1,55.0
62,1.33432188947,1.0,2044,-1,60.0
63,1.10932188947,1.0,2044,-1,60.0
64,1.32232188947,1.0,2044,-1,60.0
65,1.08632188947,1.0,2044,-1,60.0
66,2.34032188947,0.0,2044,-1,60.0
67,1.20032188947,1.0,2044,-1,60.0
68,1.59732188947,0.0,2044,-1,60.0
69,2.15132188947,1.0,2044,-1,60.0
70,1.82732188947,1.0,2044,-1,60.0
71,2.87632188947,1.0,2044,-1,60.0
72,1.29132188947,1.0,2044,-1,65.0
73,0.88132188947,1.0,2044,-1,65.0
74,0.97432188947,1.0,2044,-1,65.0
75,0.91432188947,1.0,2044,-1,65.0
76,1.24232188947,1.0,2044,-1,65.0
77,1.09132188947,1.0,2044,-1,65.0
78,0.88432188947,1.0,2044,-1,100.0
79,1.17332188947,1.0,2044,-1,100.0
80,1.00832188947,0.0,2044,1,0.0
81,1.14832188947,0.0,2044,1,0.0
82,1.40632188947,0.0,2044,1,35.0
83,1.13132188947,0.0,2044,1,35.0
84,1.13432188947,0.0,2044,1,35.0
85,1.22932188947,0.0,2044,1,35.0
86,1.78432188947,0.0,2044,1,35.0
87,1.15032188947,0.0,2044,1,35.0
88,1.76132188947,0.0,2044,1,40.0
89,1.76032188947,0.0,2044,1,40.0
90,1.27032188947,0.0,2044,1,40.0
91,1.13632188947,0.0,2044,1,40.0
92,1.29332188947,0.0,2044,1,40.0
93,1.27932188947,0.0,2044,1,40.0
94,1.59932188947,0.0,2044,1,40.0
95,1.47432188947,0.0,2044,1,40.0
96,0.990321889466,0.0,2044,1,40.0
97,1.42032188947,0.0,2044,1,40.0
98,1.28232188947,0.0,2044,1,45.0
99,2.80732188947,1.0,2044,1,45.0
100,0.87732188947,1.0,2044,1,45.0
101,1.37132188947,1.0,2044,1,45.0
102,0.97832188947,1.0,2044,1,45.0
103,1.70432188947,1.0,2044,1,45.0
104,1.20532188947,1.0,2044,1,45.0
105,1.07632188947,0.0,2044,1,45.0
106,0.926321889466,0.0,2044,1,45.0
107,1.22132188947,0.0,2044,1,45.0
108,3.01532188947,0.0,2044,1,45.0
109,2.81732188947,0.0,2044,1,45.0
110,1.27532188947,1.0,2044,1,45.0
111,1.73832188947,0.0,2044,1,45.0
112,1.31932188947,1.0,2044,1,50.0
113,2.89332188947,0.0,2044,1,50.0
114,1.49532188947,1.0,2044,1,50.0
115,2.37632188947,1.0,2044,1,50.0
116,1.59132188947,0.0,2044,1,50.0
117,1.76032188947,0.0,2044,1,50.0
118,0.93232188947,1.0,2044,1,50.0
119,1.25232188947,0.0,2044,1,50.0
120,1.14532188947,0.0,2044,1,50.0
121,0.96832188947,1.0,2044,1,50.0
122,1.06432188947,1.0,2044,1,50.0
123,1.57232188947,1.0,2044,1,50.0
124,1.55832188947,0.0,2044,1,50.0
125,1.55832188947,1.0,2044,1,50.0
126,2.58132188947,0.0,2044,1,50.0
127,0.98032188947,1.0,2044,1,50.0
128,1.36932188947,1.0,2044,1,55.0
129,1.50432188947,1.0,2044,1,55.0
130,2.78632188947,0.0,2044,1,55.0
131,1.27032188947,1.0,2044,1,55.0
132,1.99832188947,1.0,2044,1,55.0
133,1.40432188947,1.0,2044,1,55.0
134,0.93932188947,1.0,2044,1,55.0
135,1.50932188947,1.0,2044,1,55.0
136,0.94132188947,1.0,2044,1,55.0
137,2.55132188947,0.0,2044,1,55.0
138,1.46932188947,0.0,2044,1,55.0
139,1.10532188947,1.0,2044,1,55.0
140,1.69732188947,1.0,2044,1,55.0
141,1.21632188947,0.0,2044,1,55.0
142,1.15132188947,1.0,2044,1,60.0
143,1.49032188947,1.0,2044,1,60.0
144,0.99132188947,1.0,2044,1,60.0
145,0.94432188947,1.0,2044,1,60.0
146,1.18232188947,1.0,2044,1,60.0
147,0.99332188947,1.0,2044,1,60.0
148,0.98332188947,1.0,2044,1,60.0
149,1.58732188947,1.0,2044,1,60.0
150,1.78232188947,1.0,2044,1,60.0
151,0.84932188947,1.0,2044,1,60.0
152,0.87632188947,1.0,2044,1,65.0
153,0.95232188947,1.0,2044,1,65.0
154,1.26232188947,1.0,2044,1,65.0
155,1.13432188947,1.0,2044,1,65.0
156,0.88532188947,1.0,2044,1,65.0
157,1.88432188947,1.0,2044,1,65.0
158,0.87832188947,1.0,2044,1,100.0
159,1.02632188947,1.0,2044,1,100.0
0,0.836504346676,0.0,2045,-1,0.0
1,1.26750434668,0.0,2045,-1,0.0
2,2.13550434668,0.0,2045,-1,35.0
3,1.07650434668,0.0,2045,-1,35.0
4,1.70150434668,0.0,2045,-1,35.0
5,1.14350434668,0.0,2045,-1,35.0
6,1.00550434668,0.0,2045,-1,35.0
7,1.92450434668,0.0,2045,-1,35.0
8,1.68350434668,0.0,2045,-1,40.0
9,0.841504346676,0.0,2045,-1,40.0
10,1.40750434668,0.0,2045,-1,40.0
11,0.843504346676,0.0,2045,-1,40.0
12,1.15550434668,0.0,2045,-1,40.0
13,0.899504346676,0.0,2045,-1,40.0
14,0.847504346676,0.0,2045,-1,40.0
15,0.823504346676,0.0,2045,-1,40.0
16,0.942504346676,0.0,2045,-1,40.0
17,1.18350434668,0.0,2045,-1,40.0
18,1.43750434668,0.0,2045,-1,45.0
19,1.14950434668,0.0,2045,-1,45.0
20,1.01250434668,0.0,2045,-1,45.0
21,1.17350434668,0.0,2045,-1,45.0
22,1.10650434668,0.0,2045,-1,45.0
23,1.36750434668,0.0,2045,-1,45.0
24,1.33050434668,1.0,2045,-1,45.0
25,1.56550434668,0.0,2045,-1,45.0
26,1.22750434668,0.0,2045,-1,45.0
27,1.62050434668,0.0,2045,-1,45.0
28,1.85550434668,0.0,2045,-1,45.0
29,0.981504346676,0.0,2045,-1,45.0
30,1.72350434668,0.0,2045,-1,45.0
31,0.907504346676,0.0,2045,-1,45.0
32,1.68050434668,1.0,2045,-1,50.0
33,1.79750434668,0.0,2045,-1,50.0
34,0.869504346676,0.0,2045,-1,50.0
35,3.14350434668,1.0,2045,-1,50.0
36,1.01750434668,0.0,2045,-1,50.0
37,0.951504346676,0.0,2045,-1,50.0
38,0.923504346676,0.0,2045,-1,50.0
39,1.34350434668,0.0,2045,-1,50.0
40,1.12250434668,0.0,2045,-1,50.0
41,1.95850434668,1.0,2045,-1,50.0
42,2.08050434668,1.0,2045,-1,50.0
43,2.36250434668,1.0,2045,-1,50.0
44,1.28150434668,0.0,2045,-1,50.0
45,2.28550434668,1.0,2045,-1,50.0
46,1.11650434668,0.0,2045,-1,50.0
47,1.25850434668,0.0,2045,-1,50.0
48,1.00650434668,1.0,2045,-1,55.0
49,1.66150434668,1.0,2045,-1,55.0
50,1.21850434668,1.0,2045,-1,55.0
51,1.19450434668,0.0,2045,-1,55.0
52,1.11650434668,1.0,2045,-1,55.0
53,1.89250434668,1.0,2045,-1,55.0
54,0.989504346676,0.0,2045,-1,55.0
55,0.874504346676,0.0,2045,-1,55.0
56,1.12550434668,0.0,2045,-1,55.0
57,1.29950434668,0.0,2045,-1,55.0
58,1.83450434668,1.0,2045,-1,55.0
59,1.53750434668,0.0,2045,-1,55.0
60,4.07450434668,0.0,2045,-1,55.0
61,1.63650434668,0.0,2045,-1,55.0
62,0.839504346676,0.0,2045,-1,60.0
63,2.09250434668,1.0,2045,-1,60.0
64,1.24350434668,1.0,2045,-1,60.0
65,1.97850434668,1.0,2045,-1,60.0
66,1.43550434668,0.0,2045,-1,60.0
67,1.39050434668,1.0,2045,-1,60.0
68,1.06750434668,1.0,2045,-1,60.0
69,0.939504346676,0.0,2045,-1,60.0
70,1.00750434668,1.0,2045,-1,60.0
71,0.917504346676,0.0,2045,-1,60.0
72,1.18850434668,1.0,2045,-1,65.0
73,1.37650434668,1.0,2045,-1,65.0
74,1.73450434668,1.0,2045,-1,65.0
75,1.84250434668,1.0,2045,-1,65.0
76,1.14450434668,1.0,2045,-1,65.0
77,1.25250434668,1.0,2045,-1,65.0
78,1.05650434668,1.0,2045,-1,100.0
79,1.52250434668,1.0,2045,-1,100.0
80,0.951504346676,0.0,2045,1,0.0
81,0.876504346676,0.0,2045,1,0.0
82,0.945504346676,0.0,2045,1,35.0
83,0.907504346676,0.0,2045,1,35.0
84,1.58950434668,1.0,2045,1,35.0
85,0.893504346676,0.0,2045,1,35.0
86,0.886504346676,0.0,2045,1,35.0
87,0.901504346676,0.0,2045,1,35.0
88,0.962504346676,0.0,2045,1,40.0
89,1.03350434668,0.0,2045,1,40.0
90,0.856504346676,0.0,2045,1,40.0
91,1.12450434668,0.0,2045,1,40.0
92,0.936504346676,0.0,2045,1,40.0
93,1.21050434668,0.0,2045,1,40.0
94,1.19050434668,0.0,2045,1,40.0
95,1.17550434668,0.0,2045,1,40.0
96,1.71850434668,0.0,2045,1,40.0
97,1.59550434668,0.0,2045,1,40.0
98,1.84350434668,0.0,2045,1,45.0
99,1.05450434668,0.0,2045,1,45.0
100,4.04550434668,0.0,2045,1,45.0
101,1.21450434668,0.0,2045,1,45.0
102,0.882504346676,0.0,2045,1,45.0
103,0.812504346676,0.0,2045,1,45.0
104,1.56050434668,0.0,2045,1,45.0
105,1.27550434668,0.0,2045,1,45.0
106,1.35950434668,0.0,2045,1,45.0
107,0.948504346676,0.0,2045,1,45.0
108,1.27550434668,0.0,2045,1,45.0
109,2.47850434668,0.0,2045,1,45.0
110,0.903504346676,0.0,2045,1,45.0
111,0.983504346676,0.0,2045,1,45.0
112,1.20850434668,1.0,2045,1,50.0
113,1.71150434668,1.0,2045,1,50.0
114,1.25250434668,1.0,2045,1,50.0
115,1.10050434668,1.0,2045,1,50.0
116,2.30450434668,1.0,2045,1,50.0
117,1.02550434668,0.0,2045,1,50.0
118,1.26950434668,0.0,2045,1,50.0
119,1.26450434668,1.0,2045,1,50.0
120,1.43150434668,0.0,2045,1,50.0
121,1.46550434668,0.0,2045,1,50.0
122,0.956504346676,0.0,2045,1,50.0
123,1.14950434668,0.0,2045,1,50.0
124,0.974504346676,0.0,2045,1,50.0
125,2.09150434668,1.0,2045,1,50.0
126,1.63350434668,0.0,2045,1,50.0
127,1.46050434668,0.0,2045,1,50.0
128,1.87350434668,1.0,2045,1,55.0
129,1.42550434668,1.0,2045,1,55.0
130,1.50150434668,1.0,2045,1,55.0
131,1.73650434668,0.0,2045,1,55.0
132,1.49850434668,1.0,2045,1,55.0
133,1.46750434668,1.0,2045,1,55.0
134,1.87850434668,1.0,2045,1,55.0
135,1.04850434668,0.0,2045,1,55.0
136,1.19350434668,1.0,2045,1,55.0
137,2.39550434668,1.0,2045,1,55.0
138,1.04350434668,1.0,2045,1,55.0
139,1.29750434668,1.0,2045,1,55.0
140,1.30750434668,1.0,2045,1,55.0
141,1.00650434668,1.0,2045,1,55.0
142,1.82150434668,1.0,2045,1,60.0
143,2.52250434668,1.0,2045,1,60.0
144,1.31450434668,1.0,2045,1,60.0
145,1.19350434668,0.0,2045,1,60.0
146,1.33350434668,1.0,2045,1,60.0
147,1.84350434668,1.0,2045,1,60.0
148,1.20950434668,1.0,2045,1,60.0
149,1.43350434668,1.0,2045,1,60.0
150,1.62450434668,1.0,2045,1,60.0
151,1.04550434668,1.0,2045,1,60.0
152,1.73850434668,1.0,2045,1,65.0
153,1.00850434668,1.0,2045,1,65.0
154,1.74950434668,1.0,2045,1,65.0
155,1.25250434668,1.0,2045,1,65.0
156,0.87350434668,1.0,2045,1,65.0
157,2.00650434668,1.0,2045,1,65.0
158,1.28650434668,1.0,2045,1,100.0
159,1.64950434668,1.0,2045,1,100.0
0,0.888580644995,0.0,2046,-1,0.0
1,1.759580645,0.0,2046,-1,0.0
2,1.307580645,0.0,2046,-1,35.0
3,1.357580645,0.0,2046,-1,35.0
4,1.159580645,0.0,2046,-1,35.0
5,1.062580645,0.0,2046,-1,35.0
6,1.349580645,0.0,2046,-1,35.0
7,1.057580645,0.0,2046,-1,35.0
8,1.519580645,1.0,2046,-1,40.0
9,1.036580645,0.0,2046,-1,40.0
10,1.123580645,0.0,2046,-1,40.0
11,1.202580645,0.0,2046,-1,40.0
12,0.939580644995,0.0,2046,-1,40.0
13,2.753580645,0.0,2046,-1,40.0
14,1.389580645,0.0,2046,-1,40.0
15,0.965580644995,0.0,2046,-1,40.0
16,1.464580645,0.0,2046,-1,40.0
17,1.695580645,0.0,2046,-1,40.0
18,1.053580645,0.0,2046,-1,45.0
19,1.334580645,0.0,2046,-1,45.0
20,1.349580645,0.0,2046,-1,45.0
21,2.047580645,0.0,2046,-1,45.0
22,0.934580644995,0.0,2046,-1,45.0
23,3.956580645,0.0,2046,-1,45.0
24,1.271580645,0.0,2046,-1,45.0
25,1.715580645,0.0,2046,-1,45.0
26,3.601580645,0.0,2046,-1,45.0
27,1.117580645,0.0,2046,-1,45.0
28,1.347580645,0.0,2046,-1,45.0
29,1.346580645,0.0,2046,-1,45.0
30,0.981580644995,0.0,2046,-1,45.0
31,1.277580645,0.0,2046,-1,45.0
32,0.940580644995,0.0,2046,-1,50.0
33,1.556580645,1.0,2046,-1,50.0
34,2.020580645,0.0,2046,-1,50.0
35,3.215580645,0.0,2046,-1,50.0
36,3.705580645,0.0,2046,-1,50.0
37,2.173580645,0.0,2046,-1,50.0
38,1.350580645,1.0,2046,-1,50.0
39,1.970580645,0.0,2046,-1,50.0
40,1.654580645,1.0,2046,-1,50.0
41,3.319580645,1.0,2046,-1,50.0
42,1.698580645,0.0,2046,-1,50.0
43,1.970580645,1.0,2046,-1,50.0
44,1.056580645,1.0,2046,-1,50.0
45,1.581580645,1.0,2046,-1,50.0
46,1.415580645,1.0,2046,-1,50.0
47,2.177580645,0.0,2046,-1,50.0
48,1.343580645,1.0,2046,-1,55.0
49,1.761580645,1.0,2046,-1,55.0
50,1.374580645,0.0,2046,-1,55.0
51,1.679580645,0.0,2046,-1,55.0
52,1.548580645,1.0,2046,-1,55.0
53,1.609580645,1.0,2046,-1,55.0
54,3.496580645,1.0,2046,-1,55.0
55,2.557580645,1.0,2046,-1,55.0
56,1.683580645,0.0,2046,-1,55.0
57,0.925580644999,1.0,2046,-1,55.0
58,2.336580645,1.0,2046,-1,55.0
59,1.875580645,1.0,2046,-1,55.0
60,1.876580645,1.0,2046,-1,55.0
61,2.093580645,0.0,2046,-1,55.0
62,0.972580644999,1.0,2046,-1,60.0
63,1.810580645,1.0,2046,-1,60.0
64,0.892580644999,1.0,2046,-1,60.0
65,1.037580645,1.0,2046,-1,60.0
66,1.148580645,1.0,2046,-1,60.0
67,2.047580645,1.0,2046,-1,60.0
68,1.480580645,1.0,2046,-1,60.0
69,1.646580645,1.0,2046,-1,60.0
70,0.989580644999,1.0,2046,-1,60.0
71,2.096580645,1.0,2046,-1,60.0
72,1.114580645,1.0,2046,-1,65.0
73,1.237580645,1.0,2046,-1,65.0
74,1.277580645,1.0,2046,-1,65.0
75,1.405580645,1.0,2046,-1,65.0
76,1.095580645,1.0,2046,-1,65.0
77,1.200580645,1.0,2046,-1,65.0
78,0.956580644999,1.0,2046,-1,100.0
79,1.227580645,1.0,2046,-1,100.0
80,1.034580645,0.0,2046,1,0.0
81,1.791580645,0.0,2046,1,0.0
82,1.004580645,0.0,2046,1,35.0
83,1.148580645,0.0,2046,1,35.0
84,1.088580645,1.0,2046,1,35.0
85,1.297580645,0.0,2046,1,35.0
86,0.900580644995,0.0,2046,1,35.0
87,1.231580645,0.0,2046,1,35.0
88,1.636580645,1.0,2046,1,40.0
89,0.897580644995,0.0,2046,1,40.0
90,0.915580644995,0.0,2046,1,40.0
91,1.590580645,1.0,2046,1,40.0
92,1.863580645,0.0,2046,1,40.0
93,1.198580645,0.0,2046,1,40.0
94,1.955580645,0.0,2046,1,40.0
95,1.067580645,0.0,2046,1,40.0
96,1.191580645,0.0,2046,1,40.0
97,1.191580645,0.0,2046,1,40.0
98,1.547580645,0.0,2046,1,45.0
99,2.454580645,1.0,2046,1,45.0
100,1.126580645,0.0,2046,1,45.0
101,2.247580645,0.0,2046,1,45.0
102,1.044580645,0.0,2046,1,45.0
103,1.991580645,0.0,2046,1,45.0
104,1.159580645,0.0,2046,1,45.0
105,1.428580645,0.0,2046,1,45.0
106,2.299580645,0.0,2046,1,45.0
107,1.607580645,0.0,2046,1,45.0
108,2.912580645,0.0,2046,1,45.0
109,2.804580645,1.0,2046,1,45.0
110,1.073580645,0.0,2046,1,45.0
111,2.301580645,0.0,2046,1,45.0
112,2.407580645,0.0,2046,1,50.0
113,1.420580645,1.0,2046,1,50.0
114,1.744580645,0.0,2046,1,50.0
115,1.022580645,0.0,2046,1,50.0
116,1.904580645,1.0,2046,1,50.0
117,1.116580645,1.0,2046,1,50.0
118,1.329580645,1.0,2046,1,50.0
119,2.577580645,1.0,2046,1,50.0
120,2.486580645,0.0,2046,1,50.0
121,1.807580645,1.0,2046,1,50.0
122,1.326580645,1.0,2046,1,50.0
123,1.149580645,0.0,2046,1,50.0
124,3.036580645,1.0,2046,1,50.0
125,0.966580644995,0.0,2046,1,50.0
126,1.996580645,1.0,2046,1,50.0
127,1.257580645,1.0,2046,1,50.0
128,1.059580645,1.0,2046,1,55.0
129,1.015580645,1.0,2046,1,55.0
130,1.104580645,1.0,2046,1,55.0
131,2.020580645,1.0,2046,1,55.0
132,1.964580645,0.0,2046,1,55.0
133,1.481580645,0.0,2046,1,55.0
134,1.375580645,1.0,2046,1,55.0
135,1.470580645,1.0,2046,1,55.0
136,1.268580645,1.0,2046,1,55.0
137,1.451580645,0.0,2046,1,55.0
138,2.771580645,1.0,2046,1,55.0
139,2.308580645,1.0,2046,1,55.0
140,0.911580644999,1.0,2046,1,55.0
141,2.283580645,1.0,2046,1,55.0
142,1.283580645,0.0,2046,1,60.0
143,1.051580645,1.0,2046,1,60.0
144,1.232580645,1.0,2046,1,60.0
145,0.977580644999,1.0,2046,1,60.0
146,1.010580645,1.0,2046,1,60.0
147,2.087580645,1.0,2046,1,60.0
148,1.146580645,1.0,2046,1,60.0
149,1.185580645,1.0,2046,1,60.0
150,1.408580645,1.0,2046,1,60.0
151,0.972580644999,1.0,2046,1,60.0
152,1.410580645,1.0,2046,1,65.0
153,1.401580645,1.0,2046,1,65.0
154,1.000580645,1.0,2046,1,65.0
155,1.034580645,1.0,2046,1,65.0
156,1.140580645,1.0,2046,1,65.0
157,1.342580645,1.0,2046,1,65.0
158,1.840580645,1.0,2046,1,100.0
159,1.378580645,1.0,2046,1,100.0
0,0.617615072335,0.0,2047,-1,0.0
1,0.633615072335,0.0,2047,-1,0.0
2,0.738615072335,0.0,2047,-1,35.0
3,0.928615072335,0.0,2047,-1,35.0
4,0.643615072335,0.0,2047,-1,35.0
5,0.651615072335,0.0,2047,-1,35.0
6,0.691615072335,0.0,2047,-1,35.0
7,0.935615072335,0.0,2047,-1,35.0
8,0.754615072335,0.0,2047,-1,40.0
9,0.931615072335,0.0,2047,-1,40.0
10,3.92661507234,0.0,2047,-1,40.0
11,1.20461507234,0.0,2047,-1,40.0
12,0.967615072335,0.0,2047,-1,40.0
13,0.791615072335,0.0,2047,-1,40.0
14,0.635615072335,0.0,2047,-1,40.0
15,1.36261507234,1.0,2047,-1,40.0
16,0.960615072335,0.0,2047,-1,40.0
17,1.67461507234,0.0,2047,-1,40.0
18,0.734615072335,0.0,2047,-1,45.0
19,0.631615072335,0.0,2047,-1,45.0
20,1.39061507234,0.0,2047,-1,45.0
21,0.718615072335,0.0,2047,-1,45.0
22,1.26661507234,0.0,2047,-1,45.0
23,3.31661507234,0.0,2047,-1,45.0
24,1.78261507234,0.0,2047,-1,45.0
25,0.786615072335,0.0,2047,-1,45.0
26,0.900615072335,0.0,2047,-1,45.0
27,1.21061507234,0.0,2047,-1,45.0
28,2.24161507234,0.0,2047,-1,45.0
29,3.16061507234,1.0,2047,-1,45.0
30,0.569615072335,0.0,2047,-1,45.0
31,1.95761507234,0.0,2047,-1,45.0
32,1.44861507234,1.0,2047,-1,50.0
33,3.00461507234,1.0,2047,-1,50.0
34,2.38761507234,1.0,2047,-1,50.0
35,1.46161507234,0.0,2047,-1,50.0
36,1.94361507234,1.0,2047,-1,50.0
37,2.27861507234,1.0,2047,-1,50.0
38,0.700615072335,0.0,2047,-1,50.0
39,1.13161507234,1.0,2047,-1,50.0
40,1.06561507234,0.0,2047,-1,50.0
41,1.67961507234,1.0,2047,-1,50.0
42,1.20761507234,0.0,2047,-1,50.0
43,0.880615072335,0.0,2047,-1,50.0
44,1.24461507234,1.0,2047,-1,50.0
45,2.54361507234,0.0,2047,-1,50.0
46,1.67761507234,1.0,2047,-1,50.0
47,0.596615072335,0.0,2047,-1,50.0
48,1.36261507234,0.0,2047,-1,55.0
49,2.23861507234,1.0,2047,-1,55.0
50,2.14761507234,1.0,2047,-1,55.0
51,1.10661507234,1.0,2047,-1,55.0
52,1.61461507234,1.0,2047,-1,55.0
53,2.31161507234,0.0,2047,-1,55.0
54,1.82261507234,1.0,2047,-1,55.0
55,2.92061507234,1.0,2047,-1,55.0
56,1.28561507234,0.0,2047,-1,55.0
57,2.46261507234,0.0,2047,-1,55.0
58,3.87861507234,1.0,2047,-1,55.0
59,1.05861507234,1.0,2047,-1,55.0
60,2.21761507234,1.0,2047,-1,55.0
61,1.32661507234,0.0,2047,-1,55.0
62,1.27861507234,1.0,2047,-1,60.0
63,2.06961507234,1.0,2047,-1,60.0
64,1.44661507234,1.0,2047,-1,60.0
65,1.52961507234,1.0,2047,-1,60.0
66,0.787615072339,1.0,2047,-1,60.0
67,1.01361507234,1.0,2047,-1,60.0
68,0.987615072339,1.0,2047,-1,60.0
69,0.799615072339,1.0,2047,-1,60.0
70,1.61261507234,1.0,2047,-1,60.0
71,2.46861507234,1.0,2047,-1,60.0
72,1.35361507234,1.0,2047,-1,65.0
73,0.937615072339,1.0,2047,-1,65.0
74,1.26261507234,1.0,2047,-1,65.0
75,1.40261507234,1.0,2047,-1,65.0
76,1.05661507234,1.0,2047,-1,65.0
77,0.940615072339,1.0,2047,-1,65.0
78,1.46761507234,1.0,2047,-1,100.0
79,2.09961507234,1.0,2047,-1,100.0
80,1.13761507234,0.0,2047,1,0.0
81,0.800615072335,0.0,2047,1,0.0
82,1.72861507234,0.0,2047,1,35.0
83,0.958615072339,1.0,2047,1,35.0
84,1.38061507234,0.0,2047,1,35.0
85,1.21361507234,0.0,2047,1,35.0
86,2.60361507234,0.0,2047,1,35.0
87,1.05461507234,0.0,2047,1,35.0
88,1.40861507234,0.0,2047,1,40.0
89,0.667615072335,0.0,2047,1,40.0
90,1.90261507234,0.0,2047,1,40.0
91,1.21561507234,1.0,2047,1,40.0
92,4.32161507234,0.0,2047,1,40.0
93,0.842615072335,0.0,2047,1,40.0
94,1.16961507234,0.0,2047,1,40.0
95,1.54161507234,0.0,2047,1,40.0
96,2.17761507234,0.0,2047,1,40.0
97,1.20461507234,0.0,2047,1,40.0
98,1.14861507234,1.0,2047,1,45.0
99,3.08361507234,1.0,2047,1,45.0
100,1.65661507234,0.0,2047,1,45.0
101,1.17461507234,1.0,2047,1,45.0
102,1.17061507234,1.0,2047,1,45.0
103,1.46261507234,1.0,2047,1,45.0
104,3.32261507234,0.0,2047,1,45.0
105,1.86661507234,1.0,2047,1,45.0
106,1.74161507234,1.0,2047,1,45.0
107,0.876615072339,1.0,2047,1,45.0
108,1.28761507234,1.0,2047,1,45.0
109,1.45261507234,1.0,2047,1,45.0
110,0.605615072339,1.0,2047,1,45.0
111,1.51261507234,1.0,2047,1,45.0
112,1.98261507234,1.0,2047,1,50.0
113,1.41561507234,1.0,2047,1,50.0
114,2.11561507234,1.0,2047,1,50.0
115,1.43661507234,1.0,2047,1,50.0
116,1.81861507234,1.0,2047,1,50.0
117,1.68461507234,1.0,2047,1,50.0
118,0.777615072339,1.0,2047,1,50.0
119,2.55161507234,1.0,2047,1,50.0
120,1.21761507234,1.0,2047,1,50.0
121,4.57061507234,1.0,2047,1,50.0
122,0.772615072339,1.0,2047,1,50.0
123,1.91761507234,1.0,2047,1,50.0
124,3.48461507234,0.0,2047,1,50.0
125,0.648615072339,1.0,2047,1,50.0
126,1.07661507234,0.0,2047,1,50.0
127,0.914615072339,1.0,2047,1,50.0
128,2.03661507234,1.0,2047,1,55.0
129,0.865615072339,1.0,2047,1,55.0
130,0.857615072339,1.0,2047,1,55.0
131,0.791615072339,1.0,2047,1,55.0
132,1.38461507234,1.0,2047,1,55.0
133,3.11161507234,1.0,2047,1,55.0
134,0.868615072339,1.0,2047,1,55.0
135,1.43761507234,1.0,2047,1,55.0
136,2.64161507234,1.0,2047,1,55.0
137,1.10461507234,1.0,2047,1,55.0
138,1.51361507234,1.0,2047,1,55.0
139,2.41961507234,1.0,2047,1,55.0
140,0.957615072339,1.0,2047,1,55.0
141,0.820615072339,1.0,2047,1,55.0
142,1.04061507234,1.0,2047,1,60.0
143,1.64361507234,1.0,2047,1,60.0
144,0.765615072339,1.0,2047,1,60.0
145,0.905615072339,1.0,2047,1,60.0
146,0.969615072339,1.0,2047,1,60.0
147,0.746615072339,1.0,2047,1,60.0
148,0.674615072339,1.0,2047,1,60.0
149,2.27661507234,1.0,2047,1,60.0
150,1.25561507234,1.0,2047,1,60.0
151,1.38561507234,1.0,2047,1,60.0
152,1.04061507234,1.0,2047,1,65.0
153,0.900615072339,1.0,2047,1,65.0
154,0.744615072339,1.0,2047,1,65.0
155,0.735615072339,1.0,2047,1,65.0
156,1.59161507234,1.0,2047,1,65.0
157,0.753615072339,1.0,2047,1,65.0
158,0.799615072339,1.0,2047,1,100.0
159,0.656615072339,1.0,2047,1,100.0
